100 200
361,803107 932,993485
833,091349 326,475756
235,523791 349,115357
448,077633 638,152944
158,266543 768,888060
945,073458 65,585041
810,231273 477,915373
332,586397 692,531342
916,228867 350,862234
90,243278 555,400274
102,774901 944,358336
194,183240 253,515988
696,068325 47,334359
200,721465 850,145882
398,018930 231,668162
156,013899 66,639178
102,683231 591,525974
377,774226 495,658758
596,913946 911,541364
89,664405 189,372137
526,722984 961,982573
479,800294 514,599683
804,803996 483,316687
1,884515 609,301294
584,854614 693,087074
640,798704 123,415198
34,785418 824,777838
424,057787 181,945982
403,596327 291,347381
676,349083 669,331142
295,647942 555,370847
386,449609 1,498395
641,249205 683,238762
584,135041 525,659329
583,929618 862,617282
809,264108 567,766983
392,458113 870,383123
596,042596 933,698326
549,616857 592,504362
392,541569 362,605071
369,933526 217,845498
488,864310 29,509708
855,020503 654,633554
336,927338 699,105188
7,865036 51,329750
110,640733 543,851215
496,359756 42,908556
477,343548 956,841129
381,558083 489,054461
329,670352 913,547759
607,584547 22,544204
661,595075 566,438330
87,825103 684,089982
863,219131 792,581689
515,968179 284,177313
455,940542 356,754291
480,662257 902,938486
692,961160 201,183508
69,001089 115,861016
509,660227 127,950095
906,743134 116,137749
24,181303 801,204477
502,117114 893,723391
160,651569 563,734132
835,260528 26,670088
995,771495 36,052071
366,783762 442,072079
114,083894 846,059707
26,647616 711,957905
598,051657 123,469647
288,487101 63,725902
276,143336 585,557196
134,709885 305,226737
505,446606 139,441773
574,143308 291,354746
74,899520 930,982642
386,698748 392,017244
781,050111 681,506080
938,467537 660,609058
850,324895 970,963439
235,858514 47,627490
660,107451 849,753313
868,831542 55,820096
145,498286 791,322776
130,977674 691,266530
869,447717 533,796419
398,141394 429,052227
981,023719 801,263919
797,475736 182,700769
189,896963 243,990294
305,266507 943,288577
444,695796 191,695559
674,557155 837,174126
218,703688 975,183153
12,551028 840,531169
178,442966 638,979646
402,963202 284,383497
539,007654 841,280937
699,939134 585,596874
594,579880 617,382652
322,288437 179,438288 15,857191 6
521,474089 143,556243 40,121498 3
307,384064 831,607575 49,695276 1
590,173286 890,533414 92,112296 5
892,853842 268,111669 117,572355 3
881,813863 687,588564 128,463814 10
749,417101 254,587192 143,316762 9
17,831481 501,199976 145,982747 4
892,749215 161,196753 150,629825 10
744,738009 741,792027 163,534667 1
632,189514 779,740821 184,594150 8
174,633051 354,678399 204,789183 1
108,622348 376,612061 236,723546 3
225,722219 166,199966 238,914140 3
922,715473 163,252287 277,816868 10
378,982185 232,165076 280,538292 7
694,757570 215,444363 297,752245 3
753,098304 114,198656 304,162160 4
449,163801 418,835045 305,392411 7
15,633861 980,477717 313,250473 8
165,135232 270,190861 354,195093 10
419,835998 844,366202 362,235177 2
452,352549 200,918321 363,562814 5
86,493731 346,358873 374,564333 6
603,056760 758,461199 408,341123 4
392,403856 682,696652 409,930997 3
548,682547 126,042311 411,583831 7
497,123477 40,929915 412,992860 5
171,409894 201,866565 415,604354 10
650,109547 850,278634 425,862404 1
197,707102 893,978484 435,331899 5
473,433677 816,788944 464,888036 1
836,107436 384,203886 465,864879 8
284,139896 346,017641 478,517418 5
135,065579 179,214514 489,885461 8
184,558177 498,129202 494,327968 1
964,934742 59,848488 509,051068 9
386,525902 128,720333 509,394672 8
26,497762 478,005437 524,407467 7
487,014893 637,344221 552,701520 6
291,507917 236,425743 559,019465 1
111,906306 97,861217 562,297112 10
928,119022 234,481887 563,667844 8
664,077260 308,595775 565,267987 10
848,120024 434,495115 569,787996 7
580,623790 998,807217 576,002187 5
685,365503 382,374358 584,209004 10
510,350924 726,557217 617,282149 9
415,995988 504,551545 641,213791 3
530,846308 499,914484 646,630188 7
575,385291 801,801314 648,310152 5
76,595970 13,156032 648,943771 4
989,899563 818,764634 649,399571 8
519,935837 225,068528 649,540718 2
353,565578 752,674472 665,589575 7
835,418466 56,224992 667,776740 4
823,840495 995,449973 668,798034 4
227,704690 705,195450 679,842836 8
12,870178 131,004074 697,253980 6
141,756746 161,685244 705,438808 4
278,204200 807,880447 705,705521 5
822,832420 512,834033 711,868115 5
426,154559 266,883065 719,658163 8
450,185509 445,118411 721,756511 2
590,442044 595,500934 727,656263 10
680,603872 119,329828 729,753774 5
933,511846 671,347234 733,102766 5
252,465004 629,230748 735,874066 7
246,649143 261,980884 736,200040 8
322,959585 594,114550 738,398106 9
715,447504 781,346233 767,686518 5
455,375869 947,884769 786,591298 6
277,656940 646,397607 822,695679 9
221,663163 621,707546 827,299734 2
168,387755 150,113381 827,544423 6
724,747151 232,467426 832,254406 6
669,966148 826,340520 832,489696 5
366,337314 288,886554 868,423837 7
566,742955 811,520614 880,177324 1
812,481261 709,868571 884,470173 2
811,012971 742,162110 892,863402 5
818,457723 259,830565 894,849865 7
477,063619 783,669075 903,091305 9
366,371155 856,310246 915,624540 10
336,478682 710,841025 915,802874 3
366,643763 629,693956 916,843349 2
800,789990 218,935503 921,151666 8
81,985803 300,825881 924,419404 6
555,700209 386,970707 934,891152 9
715,633476 734,211902 952,243525 8
994,693877 884,305417 953,520439 1
572,955711 720,634831 971,758737 4
591,534751 682,668725 986,664625 1
165,339251 712,337378 1014,002335 3
862,678599 240,512275 1017,714676 7
827,229476 704,137274 1017,967415 10
354,879835 489,237131 1024,990023 1
122,154635 276,875666 1029,768348 3
576,658285 930,165863 1039,027643 5
105,678992 182,081238 1042,944832 10
92,856491 835,363381 1048,841089 5
443,520295 486,085731 1050,617829 4
389,070345 164,248967 1061,316496 3
685,190371 560,145458 1062,458626 10
809,385296 263,962700 1064,891806 6
40,562004 752,791742 1086,358242 7
421,895662 306,423020 1099,564834 8
854,900601 583,867647 1104,947989 8
555,421538 735,196449 1108,997853 6
36,235991 507,468927 1110,503143 5
412,428873 633,414084 1142,446038 6
787,532779 848,342376 1142,778152 4
794,830432 248,261126 1153,415711 3
221,261840 25,382155 1165,728481 4
884,060386 364,191891 1173,370632 8
394,544917 443,982036 1179,857146 6
134,846999 4,653597 1182,058915 5
298,760239 961,617256 1195,516970 4
121,085679 800,942688 1201,180285 9
103,631814 521,173640 1202,324466 3
87,145995 495,678403 1219,385822 10
225,445555 519,154590 1221,291075 6
242,131268 780,011858 1228,418228 1
619,934794 962,970627 1228,585949 5
611,840928 600,768928 1236,971509 4
610,918510 194,222862 1274,152838 4
11,912414 650,885278 1275,652352 7
313,502029 242,871319 1275,963313 4
708,919384 734,627707 1288,974649 7
70,625671 567,501206 1302,245565 6
482,641796 497,566312 1327,530117 1
394,234094 946,720699 1329,365759 8
409,602997 450,225312 1329,957802 3
653,943623 394,003055 1333,509498 9
407,209472 693,347596 1343,361525 7
382,207500 973,324737 1373,804319 4
323,809584 401,127345 1383,622943 9
235,849584 527,653884 1387,478705 6
909,979025 865,088419 1390,967700 9
763,742611 110,374820 1391,073570 8
919,855682 284,783054 1400,127752 5
605,825187 868,852333 1400,833506 6
277,653613 811,036218 1428,643180 6
852,471630 685,686456 1438,496585 6
954,207215 157,446179 1449,383457 1
758,831418 320,128640 1458,406102 1
904,469409 27,495594 1469,554628 8
269,928735 41,762584 1471,241531 5
359,899003 145,008282 1494,530133 1
988,971845 725,866752 1495,238021 7
393,549437 406,458319 1496,988163 9
264,968045 152,249844 1499,549662 5
738,761496 673,342346 1500,546944 5
507,853326 347,290582 1506,767066 2
545,732707 693,720796 1517,354010 6
453,045285 721,917484 1518,681846 7
20,271076 863,619990 1538,896358 7
332,199045 30,933602 1541,048622 4
630,763058 18,870034 1542,445065 1
398,595913 899,506100 1551,257379 7
821,809514 620,098335 1561,644750 3
936,790367 954,873232 1563,812722 2
469,244440 635,794946 1564,434934 7
936,026334 616,142208 1582,565568 4
389,864502 243,305631 1624,254519 3
976,794458 190,630742 1648,091813 8
706,676182 940,138779 1660,814603 3
612,849082 279,509780 1686,925502 1
474,652907 397,977177 1689,944268 2
390,667472 482,200075 1691,983947 10
448,630907 113,188557 1700,339291 9
77,626843 887,203312 1709,824176 2
328,278644 130,365107 1713,040758 5
495,848905 942,844617 1721,966336 3
63,754045 34,693617 1723,456075 5
764,361908 724,821106 1727,136628 2
760,901082 479,693672 1731,898990 9
213,486377 109,504693 1777,066967 4
138,105736 620,730150 1780,308442 9
378,736431 32,734383 1789,348930 10
487,312415 139,857644 1802,014438 3
249,777360 813,798754 1803,435726 9
181,229900 472,116185 1806,834894 2
747,347782 522,810534 1814,596026 4
303,473764 844,770485 1839,446764 8
609,934592 216,768773 1844,929160 9
819,896527 770,864833 1856,653585 3
829,362868 232,233713 1865,143612 5
649,064135 370,328097 1876,756426 3
848,978895 89,840702 1883,661865 7
413,385640 889,333599 1960,113047 1
479,750355 84,977946 1969,333228 9
872,121379 25,536581 1973,890722 5
211,126333 147,347136 1974,630141 2
825,693798 671,304430 1976,150366 8
967,987347 173,960712 1981,919413 2
939,389868 745,457034 1989,590742 10
169,058127 237,890796 1992,289951 2
721,769311 722,955391 1993,044738 5
789,624265 379,819659 1998,297403 3
