100 1000
799,321916 502,257719
730,600819 262,837655
788,027339 480,592412
947,683702 232,946024
208,101166 604,060214
366,738185 786,153638
682,575487 776,366800
511,021515 874,378305
285,533401 270,486076
431,482808 660,446013
932,810133 634,552724
97,514176 557,414305
366,246610 415,405209
827,070485 185,293056
2,278255 335,064325
789,147361 162,185669
510,367860 501,720296
471,958224 483,786953
362,768024 214,341109
151,753251 613,339086
754,325534 928,803767
820,074305 303,560086
229,516329 993,489111
731,341665 602,724000
73,626293 833,569839
718,019803 458,985744
25,969639 365,760583
687,211085 830,207729
155,263619 559,088131
260,378004 230,959320
800,754142 222,278167
346,995666 204,024396
327,413976 294,645146
553,288222 290,666353
69,511811 144,909940
718,804588 692,063672
244,076583 641,159525
546,439665 963,743662
804,258349 45,201766
245,609892 765,505767
172,313623 105,857755
343,642285 901,239772
542,919333 78,272765
337,039126 626,208877
979,746471 780,116311
652,130342 473,780862
841,700809 210,580676
463,729017 659,255300
169,964734 704,376503
280,755231 455,348624
542,950771 70,462846
849,396482 802,062504
563,504084 674,038412
847,223605 813,076106
581,167416 960,359616
45,782990 771,465319
472,049122 490,240083
104,537352 669,467924
299,810723 159,625785
925,629030 340,175748
463,517732 909,428066
546,791247 753,451031
501,573505 896,837029
878,834260 104,026216
65,682821 795,625927
204,484945 906,662249
704,768132 620,496873
246,960181 431,403011
5,988176 229,306630
789,505307 461,378933
328,485320 447,051050
281,231337 536,275739
835,214163 576,775171
599,935390 556,499003
779,180990 915,115139
159,191076 866,229287
32,649902 773,967790
844,846367 707,976279
661,347823 424,821776
845,168699 246,904525
940,428067 328,573955
299,228531 200,118013
584,927261 991,193809
829,713510 474,253811
124,678487 794,387098
449,217914 114,150221
292,118767 190,449638
33,152773 296,017881
11,156753 721,791014
537,774280 60,457371
76,242029 428,146797
408,429129 973,829966
893,004426 338,287441
170,967280 930,902767
715,308888 908,070306
28,374283 867,353756
658,296516 462,971487
395,026551 237,635535
392,960827 930,771729
692,574846 731,861350
42,196257 867,701441 3,533147 6
781,725741 837,143998 13,847302 6
749,214685 840,087749 32,792510 5
543,038769 207,140059 39,892918 3
102,730525 656,291551 42,101989 1
450,713553 832,548578 119,491662 7
435,336237 955,171964 122,164579 6
575,921053 963,156107 156,094417 6
991,184436 987,484936 162,075232 4
548,966844 701,805792 173,484177 2
19,462413 126,230456 179,838265 2
426,702304 123,448756 183,464589 9
813,592326 118,613157 191,059304 5
443,873728 444,454998 219,088731 2
809,181322 741,234466 248,942376 9
440,713231 282,920622 260,004557 4
225,928845 926,034634 271,706107 4
712,121424 986,007003 272,020633 7
356,637213 554,790198 274,496202 2
703,619622 93,447911 279,800084 2
821,690706 439,888872 291,204523 1
568,197645 839,473702 309,499724 4
769,593367 471,769021 312,704778 1
612,198724 206,979743 327,098779 5
145,613198 406,794889 332,386977 1
677,165784 188,246218 345,875809 4
382,259171 964,899881 381,400602 3
247,518880 684,110644 383,517633 9
91,631295 365,811922 403,217388 6
370,739206 931,911307 415,523721 8
666,340603 4,661754 428,258299 6
165,290252 489,020325 431,540887 10
881,576289 798,732073 437,075264 5
547,416746 145,131158 470,253463 4
945,462867 588,863206 473,434098 4
26,143470 87,658191 473,859174 4
331,421774 417,116266 482,373169 10
958,112847 420,352679 505,281231 5
256,053970 940,174126 508,977154 10
620,291940 945,494493 509,167227 1
969,702195 654,262881 523,394321 8
894,697996 409,200763 527,419350 7
868,942875 721,699840 532,577509 2
387,580530 869,344448 547,163584 6
450,526241 365,571998 551,965978 5
576,327165 169,871456 562,601569 1
254,627416 674,598613 574,474206 3
711,929612 698,955171 574,517459 5
846,379562 869,924576 575,821294 4
251,905715 465,624190 592,771842 2
442,437439 413,913143 593,291484 1
197,226120 858,873058 594,065930 9
861,324695 551,491987 594,949114 7
93,082190 135,690770 600,203321 3
718,276891 921,656550 645,584515 1
899,276724 441,463182 646,533454 1
378,846241 945,021817 654,987353 4
402,461499 508,818975 659,005509 6
939,796739 462,228895 660,056292 10
804,558269 58,866231 673,039899 2
230,850165 369,390742 673,204190 4
168,443722 621,949390 675,003315 4
748,900975 8,602547 677,097245 1
481,828659 752,241244 690,526589 7
381,888540 877,627326 691,466690 7
277,467503 678,971029 699,444024 6
276,055629 478,880517 707,521503 10
117,912540 242,072454 711,249573 10
412,131582 924,168594 713,159835 10
537,604606 530,037162 735,594500 8
117,485108 94,726974 737,943979 8
385,476475 823,899572 744,252476 10
601,591310 231,748802 744,375246 9
345,301417 8,360887 747,065085 8
226,950740 935,089637 748,260185 4
50,582894 709,600532 845,490559 3
620,413945 729,993277 849,374742 6
104,542422 361,032074 852,035045 2
705,001291 337,176677 852,207461 5
762,551373 673,511324 858,777551 2
526,404803 606,486435 861,490960 2
828,664329 818,762898 865,545540 8
124,976161 940,715723 868,213830 6
107,896430 144,965638 873,277412 5
296,965093 829,367842 881,223546 5
978,327322 723,652133 893,631320 4
738,867058 526,068783 900,447871 8
566,667606 669,834676 911,854069 5
96,333423 833,222050 913,460549 8
471,020882 53,826047 916,819028 5
551,913576 192,465541 923,365794 1
282,150328 846,009160 927,419183 2
968,009099 630,577208 934,889700 10
347,643437 991,452703 940,546527 5
144,798850 176,702567 943,492820 6
641,229078 532,581165 946,038160 1
41,635274 928,900108 954,506096 6
686,687101 664,377877 955,137853 10
973,268254 818,862909 957,833507 9
988,576455 41,314564 986,782017 6
549,364747 662,238411 1003,024300 7
843,367859 651,512949 1006,444582 10
924,081290 776,033292 1012,983348 1
652,830741 76,837949 1018,724790 6
83,024500 769,550604 1029,622405 3
118,690770 371,262091 1041,929781 6
983,488160 242,393655 1044,136849 3
406,335302 76,103321 1044,876007 4
882,915200 166,510814 1057,502645 1
547,338719 335,733984 1101,541211 1
167,289468 519,178835 1101,734858 8
503,430639 120,862396 1102,380090 1
594,639080 529,723203 1109,357512 1
414,186450 506,761982 1152,865081 1
323,058193 313,447629 1154,088031 2
889,601882 210,107949 1156,203924 10
927,931432 537,965421 1170,700057 10
580,318246 896,044582 1222,839188 4
609,267542 374,730853 1237,806130 4
89,571543 481,064370 1245,414504 2
331,114541 232,940464 1260,399854 8
441,945818 581,259736 1261,830512 9
720,733320 666,353324 1266,644465 1
461,448310 106,549660 1271,810598 8
245,173263 119,527940 1291,476965 6
175,162027 894,110255 1329,134303 2
43,945251 284,665601 1329,239567 9
28,854287 750,613298 1337,489673 6
209,716058 831,428597 1338,698601 3
983,839793 37,728592 1342,818174 2
31,931212 509,075804 1346,904992 10
41,940285 859,414915 1348,131505 4
188,894517 275,369180 1354,798750 2
858,995462 635,097946 1363,325711 6
726,015925 685,781278 1380,419021 6
57,722085 517,183430 1382,653024 6
846,906773 26,318249 1385,905647 1
595,446436 182,680547 1390,547542 9
509,583964 516,597745 1410,595314 10
491,895538 921,539883 1412,717896 6
259,761189 847,059469 1414,358846 10
796,251378 467,155055 1422,377496 7
595,812704 779,916141 1428,684176 3
766,657280 429,509136 1462,999002 4
795,574026 990,672921 1468,668867 10
906,991678 407,224238 1481,958950 7
81,597578 703,739102 1486,115414 9
332,286706 965,154494 1496,326563 2
918,087540 859,727083 1505,384859 9
647,732943 832,723099 1538,413179 7
288,349986 750,726820 1564,084716 1
857,704232 511,786334 1584,522673 9
730,191750 577,783344 1584,530301 4
603,987534 188,202868 1609,663149 9
831,679046 694,802511 1613,305578 6
746,686677 666,039325 1619,602035 7
490,523893 36,699029 1633,744721 4
629,721448 597,616818 1643,844843 1
39,403984 217,233832 1648,523618 8
338,908300 359,433677 1649,117096 1
204,304090 42,403420 1652,120476 4
711,843212 110,391097 1654,541251 8
599,198939 172,020068 1661,408444 10
723,598108 247,482932 1662,575771 5
633,795736 453,872303 1686,479037 3
334,996343 484,018789 1711,193700 1
467,892061 138,847994 1714,535290 5
694,802063 655,910436 1717,412641 4
857,288203 487,373786 1717,553936 3
847,390669 13,554672 1717,780827 7
595,453153 491,481888 1733,971363 7
976,146825 901,524048 1735,487627 1
730,428196 541,206527 1741,329507 9
721,665263 146,488757 1744,352349 7
612,169029 11,408879 1749,638687 9
935,442584 598,975204 1774,210485 3
874,730558 135,709668 1780,836770 3
46,837948 41,295472 1798,588176 5
216,289835 963,719573 1823,271110 3
69,743011 323,131905 1827,971753 2
813,004794 600,395491 1836,632561 1
476,813944 126,023147 1847,597303 5
490,418113 672,929398 1851,358594 3
809,798154 7,811552 1852,942017 2
703,173786 484,883593 1888,646128 2
767,895919 574,727148 1895,688186 3
820,093010 330,714453 1896,288053 6
351,149030 704,211042 1897,823312 10
42,676712 811,243957 1933,763336 1
775,685134 790,418446 1942,362849 6
426,730923 250,870592 1946,451012 10
168,461144 589,514675 1958,171937 1
77,553690 7,813238 1959,841780 3
262,349053 794,242767 1980,836758 9
24,222581 904,582792 1983,150912 3
161,143524 14,496530 2013,077276 6
100,181832 144,015778 2020,834887 6
497,472856 672,656052 2032,390761 3
965,353979 517,489578 2070,943734 5
739,804764 634,960269 2085,684779 4
273,531896 945,288519 2087,083737 5
23,154627 259,269782 2089,906719 8
71,456446 505,265439 2099,033825 3
232,580215 210,503167 2106,217019 9
441,790549 411,676823 2106,705399 6
154,999748 20,002133 2121,469371 5
262,754393 300,629744 2123,453012 2
398,677047 630,356411 2132,364294 1
123,412281 283,691196 2166,927296 2
133,115395 861,168284 2170,381703 6
527,113712 42,073094 2173,540842 10
81,775148 626,232236 2179,368882 5
786,442906 74,251203 2184,671832 9
779,699400 375,916900 2193,574755 1
884,785334 605,815867 2196,556078 6
646,061964 801,154999 2199,942801 8
218,767431 678,687479 2211,962118 6
422,226090 467,295635 2216,710155 2
216,622882 597,177757 2237,485679 5
242,866827 17,575886 2247,248122 8
621,360500 449,112395 2250,926297 4
310,682087 821,523271 2257,078074 9
71,384419 313,773785 2262,132151 6
679,176502 796,704652 2271,868228 4
991,474566 570,028052 2278,491435 7
707,338527 733,257854 2282,933094 9
471,596276 932,147598 2284,070874 4
182,754486 904,301878 2285,817599 6
676,381991 471,076337 2286,632143 1
881,390987 109,116719 2301,022548 3
854,541189 372,021208 2301,750563 5
769,584911 169,069634 2325,423434 1
509,083599 725,929527 2332,197242 4
608,642878 329,189963 2345,413150 6
78,197359 928,624292 2353,495243 10
372,361022 637,100802 2360,898385 7
791,563726 423,529991 2370,303098 7
158,389655 751,635939 2375,684219 2
58,858699 459,002137 2405,757192 4
545,456622 739,308497 2424,058337 9
767,026776 421,947411 2426,348572 8
39,891412 435,724837 2474,900399 8
167,599090 540,652235 2477,752648 10
546,716400 554,871672 2488,839576 1
157,851947 253,938502 2490,865899 8
712,971265 235,609525 2491,668418 9
109,632792 886,814788 2501,704881 1
963,841203 307,213059 2508,532140 4
954,799403 168,259394 2518,312023 8
242,510270 776,053161 2522,133637 8
780,705441 654,206283 2525,260949 5
699,906121 518,158853 2548,158336 9
63,519188 381,781703 2550,730513 2
20,733079 72,492757 2559,276227 9
182,964311 745,898012 2563,866197 5
389,705159 304,705164 2565,636653 2
795,454600 933,754271 2577,708278 8
701,082250 693,252498 2585,188824 4
204,359989 782,540749 2616,239460 3
933,229763 881,767271 2627,867245 7
451,362510 493,567465 2638,467961 4
529,239235 10,407951 2640,217599 4
202,524611 591,062500 2648,956037 7
27,351605 928,337919 2655,730144 1
104,945580 361,601457 2673,131490 6
778,655863 893,002485 2683,286356 6
82,112481 19,418788 2691,687248 2
224,118138 637,474316 2693,916154 7
193,527180 257,475559 2725,994737 8
580,616503 582,609802 2735,754290 7
252,177920 608,928393 2757,170139 10
875,444785 376,221968 2766,800517 6
715,409455 719,604250 2767,223724 9
49,682626 57,422750 2773,084645 4
728,989124 885,049150 2776,132976 1
535,016511 63,469811 2781,889725 4
791,660235 435,948603 2783,709374 9
335,645178 878,866911 2788,001148 2
749,807792 47,991229 2799,370967 7
648,700179 502,546204 2807,360630 7
669,443014 687,245415 2837,681564 8
747,900192 226,965384 2855,980566 10
415,232013 675,758124 2872,993116 6
176,403727 855,278376 2885,886108 2
459,913846 478,221842 2891,135910 8
268,679476 172,067410 2891,841256 6
43,995938 736,978887 2895,691880 4
853,856080 473,813245 2905,230984 9
564,349559 150,791317 2917,284450 5
635,145781 230,372250 2943,192279 3
793,490042 774,138264 2946,311518 1
572,361124 365,010074 2951,933847 4
425,846242 586,569800 2960,860140 1
787,133545 354,098959 2962,482414 8
144,805899 81,631485 2964,653285 5
891,127818 606,802015 2967,226103 7
93,829982 538,274403 2989,205568 6
882,637294 364,895042 2990,129045 6
245,031782 594,665537 3002,248361 8
168,068165 868,461264 3014,601187 10
831,180036 71,698397 3023,868593 4
600,547695 314,757207 3025,375594 7
307,876483 635,295783 3031,505676 2
411,444720 829,400123 3031,604237 2
240,531363 448,566817 3044,248898 8
663,223018 780,146885 3086,042271 2
350,362768 618,733256 3088,252509 5
296,178036 306,493999 3094,340753 8
898,519920 154,484952 3115,765497 1
306,464324 14,751529 3126,514242 4
289,287780 158,662729 3129,197323 1
434,067885 698,121683 3131,373195 1
859,053695 107,715288 3151,876777 1
944,172337 58,243717 3157,974075 7
74,570448 149,148545 3187,354031 7
839,259715 974,836544 3190,772344 3
405,711278 109,914727 3230,168061 6
52,725341 509,783595 3242,610550 5
946,281576 757,925616 3250,646546 2
742,983896 117,786337 3251,767288 1
895,176128 737,197103 3252,414987 7
729,294712 553,165190 3252,839787 5
690,085105 836,153828 3258,290090 6
471,871453 474,069305 3280,640759 2
439,486747 205,643572 3284,609385 3
900,262389 779,467307 3298,518821 10
778,975914 647,681566 3301,142902 10
730,857180 398,425867 3301,652404 2
294,269645 665,138195 3324,927788 3
229,478560 924,485709 3333,036448 9
355,501100 162,540869 3335,057171 9
746,031917 44,370765 3390,278256 7
603,453544 510,224492 3390,888422 8
876,503528 395,655622 3423,958888 8
401,824852 345,411411 3432,369232 9
327,619472 944,273500 3434,686764 2
680,378035 625,093645 3487,806271 7
736,559401 545,509774 3490,685598 4
155,569469 882,462174 3504,075711 10
769,734364 225,954446 3517,584913 2
613,329072 389,930514 3547,150613 10
868,140680 396,130075 3547,643795 10
660,749523 956,736052 3572,776509 7
68,610980 598,711614 3575,798837 5
957,799842 597,323934 3580,712259 7
289,046067 579,581513 3581,355490 9
663,406826 864,299040 3592,418858 1
817,053129 547,260350 3606,908223 7
193,105073 172,522057 3607,827905 5
163,013698 550,553235 3618,626245 2
545,290646 178,820113 3631,757852 7
627,682075 274,135948 3632,347043 6
60,583198 681,617779 3640,444771 9
443,539722 746,143856 3655,027114 4
698,774025 446,229414 3660,840087 6
664,081567 480,000604 3665,642816 6
235,705072 494,124197 3678,364671 7
51,753000 517,520231 3704,298604 2
27,080687 553,624016 3723,212810 5
50,356908 917,502633 3752,933347 9
666,497560 44,748765 3764,200193 6
930,269256 461,381017 3765,676890 10
271,976171 124,374701 3774,850209 4
564,561897 218,873095 3780,745735 4
256,419959 157,888249 3785,756257 4
90,335025 883,054930 3798,955908 8
296,224704 925,113029 3823,691453 1
658,733186 291,972984 3836,796912 10
971,994958 255,117198 3840,165152 7
121,325405 857,455807 3854,014859 7
872,193412 219,509066 3856,240345 8
253,520053 423,979180 3859,684124 3
228,187028 250,632219 3863,971231 9
797,022281 681,890929 3866,109572 10
809,876284 652,720162 3867,815550 8
405,005837 261,676718 3875,087274 10
418,271640 725,123856 3880,754474 9
66,829534 513,032571 3886,940205 10
565,994169 866,271515 3900,785496 6
774,468131 347,814716 3902,258080 3
659,672892 357,908122 3908,780494 9
135,540654 297,934609 3932,681490 3
944,640752 419,772508 3937,183994 8
248,755874 867,875537 3938,071976 1
65,131286 392,893996 3965,920665 4
814,510627 68,159165 3976,883085 3
701,039603 16,366963 3980,707992 2
516,406386 45,859294 3993,350957 10
553,479695 515,417598 3995,863729 4
589,944840 564,258515 4000,314727 3
755,660032 149,292089 4002,565334 3
827,186396 582,511720 4011,606555 10
621,592524 429,312844 4018,601940 10
363,398189 341,473563 4039,183915 9
835,033078 408,861139 4043,124901 8
973,065995 556,710198 4053,730669 2
583,130662 209,703777 4074,675933 1
86,770432 608,560139 4096,472644 1
436,805876 364,053571 4101,575136 5
359,986650 936,292415 4112,550677 1
799,545943 206,486676 4115,960870 8
325,567886 668,855883 4119,009017 4
333,335685 882,295792 4121,459510 3
474,230452 568,842461 4130,217537 2
487,030078 462,047291 4132,647401 3
322,876008 342,745277 4148,338965 8
48,342316 242,503345 4189,452466 2
713,060865 365,343374 4196,006742 6
147,717839 45,822057 4208,467289 8
218,402505 590,760704 4222,634552 1
508,437071 855,256474 4241,720360 6
583,541935 189,846431 4285,860716 2
439,842913 794,769535 4294,515693 6
175,997319 931,841070 4297,646813 8
470,875233 535,022626 4303,602949 1
309,991788 923,682475 4316,947670 8
134,944251 803,723334 4321,635968 2
230,421916 460,517684 4332,543570 6
734,701925 997,492885 4335,085861 4
872,333801 554,316685 4344,795930 3
614,628766 840,745633 4345,843104 7
206,675032 231,645916 4350,135479 8
603,107920 888,984229 4375,361905 1
708,113903 533,241640 4384,032610 4
333,903473 262,475530 4384,061674 7
26,656419 945,659394 4398,176707 8
217,773650 925,106285 4426,108535 4
59,023574 382,387241 4434,724360 2
467,629164 5,562951 4445,503400 1
517,720806 570,479797 4455,088990 5
219,811411 998,790302 4460,393637 6
602,012056 771,034412 4477,548116 8
37,796513 662,956954 4477,963020 5
372,403421 435,896426 4512,470395 1
12,008670 70,629568 4515,167214 4
523,692457 824,820003 4544,945863 2
134,171597 660,520639 4545,449328 5
924,000436 489,077154 4559,166626 9
344,541077 67,707388 4560,570795 2
625,868098 229,187730 4561,699031 10
874,893734 131,812802 4572,265840 9
635,655080 740,819654 4579,159798 8
771,121116 21,883971 4581,355658 7
719,620231 858,715875 4582,866252 10
467,534673 348,850711 4589,043778 7
364,599350 755,933288 4597,906868 9
117,031626 865,738098 4609,129230 1
770,960885 852,628091 4612,403266 2
596,635039 172,296661 4642,689174 4
826,357318 698,594922 4665,481495 3
308,587712 54,330959 4679,905568 6
253,680941 428,558640 4703,721174 5
953,698800 485,509533 4714,966916 6
386,679912 825,827332 4723,659163 9
785,432269 527,553787 4733,107067 9
403,624539 95,236726 4738,002704 1
53,911856 686,539782 4741,757876 3
629,952746 865,618888 4746,973087 1
87,039369 430,725570 4759,257814 1
22,880877 701,612577 4773,632681 5
641,633861 536,091186 4773,778112 8
368,994373 877,061337 4773,958421 4
276,087767 800,423275 4775,191190 5
791,270741 748,033183 4776,104003 2
95,898083 930,737411 4809,252839 10
721,816244 135,954856 4829,524793 1
57,627308 406,815939 4831,104293 2
423,227497 74,290808 4839,392100 5
429,813314 591,518521 4850,306281 4
303,011953 837,565325 4863,841866 8
236,684478 930,200719 4865,858421 2
546,015597 123,815728 4868,568285 6
882,986770 783,960149 4908,981051 9
851,714758 587,445353 4915,721037 1
199,031458 801,046253 4918,603862 4
340,014856 302,876733 4945,731711 8
946,642657 549,584106 4966,938439 5
259,753949 171,273636 4975,696814 5
390,834816 569,287413 4995,830406 4
747,944052 519,463924 4997,703174 3
64,950809 606,128060 5003,105938 3
74,738092 861,265254 5006,633764 3
280,611194 892,993554 5018,894292 9
969,019023 532,402409 5022,026918 3
265,733295 98,600916 5031,707542 1
549,833928 244,812731 5045,169001 4
569,941154 741,061396 5045,196595 10
925,999596 116,783730 5057,964417 10
85,595943 499,836189 5061,196545 6
336,227727 219,223341 5064,132061 4
942,268974 303,008092 5072,214285 3
860,642487 977,929618 5072,490103 1
651,797199 255,665655 5072,852635 7
98,835104 650,318113 5083,665520 3
179,405685 806,844284 5101,545766 3
364,587610 693,262353 5114,292143 7
500,351000 961,873577 5120,189747 8
653,734386 627,198571 5120,969917 10
712,819461 143,484915 5136,810791 4
852,926618 737,941563 5145,641110 10
469,253848 770,192177 5147,087072 1
948,969626 962,433663 5152,471939 3
898,288968 249,106530 5153,240533 6
926,035129 160,275589 5174,997100 1
478,235339 326,634574 5188,024197 4
352,728430 562,199883 5191,829567 10
761,202831 147,580666 5203,799755 6
133,943831 880,437521 5218,956158 3
149,268142 510,194345 5223,542977 7
714,167767 951,405712 5228,260012 9
178,130479 637,823248 5230,228972 3
558,143405 36,519675 5234,672259 6
639,878251 105,344003 5242,522708 9
694,715347 688,961477 5247,606017 2
903,035164 46,755428 5256,004786 8
474,931233 145,822906 5267,241745 7
570,280831 12,829140 5285,516130 2
962,514110 287,160832 5289,046491 7
287,378846 214,760460 5304,391076 4
376,821142 683,869301 5306,260032 10
1,488730 872,088385 5315,745875 6
439,540837 443,955655 5316,422757 5
775,963006 235,151707 5331,846534 2
976,880099 856,919980 5360,315883 5
431,276824 594,375063 5361,359273 5
193,476055 314,395315 5369,595087 8
156,426753 652,847177 5375,206014 10
433,004119 731,146744 5382,834825 5
149,284434 697,599981 5385,801791 9
686,904530 351,698265 5394,797844 3
349,914289 512,655088 5401,479487 1
622,902446 498,335006 5411,641739 9
247,185130 346,197007 5422,967595 2
841,130026 464,942786 5433,031578 3
439,104197 552,102496 5471,885098 4
386,947219 367,749409 5474,948261 7
444,025248 93,971149 5491,798102 2
407,804813 782,427940 5510,929603 4
678,491909 606,915161 5516,723747 10
873,315213 850,800663 5518,437175 6
106,582799 710,094814 5535,720461 9
122,825017 420,670136 5554,773136 7
162,242034 924,267150 5558,108046 3
599,571603 820,290318 5565,759239 5
905,973709 980,346745 5577,359021 1
138,179636 358,820945 5577,642463 6
658,766544 569,951531 5592,804084 6
82,230083 410,863256 5603,533262 5
613,431346 440,710600 5632,266894 2
520,384178 455,547222 5639,972394 5
900,863700 652,280596 5653,576400 1
920,739103 809,789161 5654,286268 6
860,322880 893,853341 5681,709034 7
194,446725 238,196873 5683,381952 9
189,335110 414,657752 5702,374573 8
328,851029 452,202485 5730,860175 4
274,357438 482,361805 5734,105343 5
52,577365 295,463073 5739,452705 8
648,656131 726,987166 5748,341883 7
273,956930 610,451275 5754,290754 3
848,443541 506,203054 5769,142578 2
192,124444 580,527931 5772,023606 8
227,995954 479,032908 5772,037677 5
560,685316 790,700774 5786,616261 3
235,262748 568,431844 5789,105139 2
359,479963 775,443637 5793,914659 5
126,116871 435,398660 5811,505119 4
644,415530 559,352808 5813,752458 6
107,291542 825,850322 5840,451565 1
872,811843 725,856600 5846,280832 2
637,980265 224,046152 5857,732064 2
773,542838 671,751591 5859,749677 3
858,996803 493,762669 5865,379796 8
823,469934 679,218778 5870,951316 2
871,485887 790,407500 5871,021950 7
479,739263 952,759279 5872,082613 4
911,876107 701,254403 5895,335958 10
8,096438 45,533620 5902,477382 9
523,381891 601,565864 5906,280973 9
726,699117 294,156992 5908,238207 9
484,936271 575,129259 5914,565227 9
489,273525 769,084010 5924,177957 10
836,060291 160,563704 5952,787882 4
299,509189 136,777898 5966,885337 4
145,104584 669,365176 5981,973821 4
844,605431 91,433152 5983,092042 6
250,659492 882,126488 5991,928117 6
539,634643 452,927695 5999,308268 6
550,523940 525,453943 6013,252861 7
52,873213 314,343593 6021,513814 1
940,743475 165,565775 6041,678086 7
179,269064 441,204223 6043,788482 5
555,472765 613,331524 6055,364208 4
539,639261 170,915159 6083,636653 6
575,980399 97,918556 6087,926725 3
9,176717 454,909059 6097,689299 2
176,831480 293,018337 6105,972506 3
564,131704 864,643997 6109,800347 7
983,951048 527,574214 6118,743248 4
992,747938 797,564298 6123,184326 10
11,959910 766,199968 6125,609474 8
594,885105 524,507231 6132,595911 3
517,701683 42,681965 6142,817087 2
416,740373 832,552208 6142,894523 7
257,623269 902,541019 6146,701339 7
69,375884 651,049157 6151,009953 2
663,287431 323,057261 6158,715354 4
839,765307 249,105122 6162,485328 10
801,042681 225,966282 6169,760656 4
144,145291 670,243266 6178,992292 3
925,064253 381,725380 6180,614686 2
721,581701 476,386228 6206,267451 9
607,075870 823,851202 6208,142384 2
549,098120 527,030407 6219,206764 7
777,420965 989,661385 6226,750970 1
362,222467 968,769574 6228,016731 5
759,967514 513,323898 6229,124269 6
836,342530 88,039118 6237,851005 8
750,183684 323,379376 6247,297769 10
784,477882 306,093852 6247,891753 8
114,402450 973,860984 6269,986731 1
757,434596 891,087063 6286,278566 8
358,725727 144,240313 6291,346025 4
287,310371 425,028994 6297,286379 10
523,804855 491,067450 6298,758295 1
505,422051 470,551656 6310,212257 4
974,634005 8,481638 6318,276185 3
695,313009 130,243335 6325,040333 6
146,695304 886,217743 6332,378560 5
771,690992 977,451540 6334,875224 6
13,699480 392,996816 6337,029390 1
545,884802 636,558598 6337,050050 6
343,862859 413,367369 6359,278069 7
408,735279 779,577033 6365,034365 1
395,083513 13,388778 6379,367651 1
823,576167 277,870658 6392,113866 10
695,895233 612,152721 6392,590461 6
845,838264 73,801446 6403,879880 5
734,599962 253,175163 6426,815500 4
253,383539 224,194318 6432,352292 5
342,717418 812,776571 6442,868732 9
128,373897 771,774539 6464,675608 9
369,435501 898,214442 6464,840849 3
497,604369 486,205331 6484,084413 10
124,476341 670,045493 6487,333915 3
878,747818 403,414410 6488,576816 1
315,628152 548,355347 6507,440407 5
190,776277 825,673209 6508,315156 3
72,932863 290,983230 6515,689586 6
466,152160 409,971631 6528,557371 4
646,080304 606,668475 6543,694730 2
120,858109 798,534866 6543,892983 4
727,318129 142,995983 6547,788793 1
437,622265 489,872222 6550,330500 5
166,070532 496,329853 6555,250548 5
214,809977 566,124184 6564,494920 4
746,445561 866,788938 6566,571843 5
857,811676 410,442016 6594,038706 2
175,320865 581,812823 6609,517326 3
366,639318 403,389555 6609,772182 4
701,979571 100,805800 6615,393748 8
505,201408 276,502675 6619,191627 5
121,225705 580,751568 6621,297197 8
92,861466 864,194874 6627,845971 4
188,483364 266,974637 6642,942196 4
756,981049 182,586033 6655,309683 4
752,886735 928,209110 6663,636002 2
743,217213 139,177843 6681,579522 2
416,613389 966,392121 6690,922602 6
705,567684 474,186057 6693,203234 5
582,439442 8,091684 6694,413436 9
960,132917 672,144986 6705,209160 6
751,082591 658,558318 6715,004724 2
711,246457 261,103856 6720,913367 10
979,248267 145,051925 6723,942970 2
115,892317 63,981486 6725,937876 6
217,228326 230,802238 6755,712291 4
410,206443 742,433122 6758,215097 4
123,147123 454,325439 6767,489727 1
511,280708 37,487383 6812,497669 4
226,716269 733,302834 6816,595031 10
680,831275 235,698288 6827,579310 5
989,636526 746,676319 6861,625660 3
547,855332 458,500566 6920,745278 1
184,285484 316,949045 6928,852771 8
941,825490 880,380373 6943,753802 7
780,117838 234,058837 6950,922113 10
443,199649 73,572349 6952,207245 4
545,169140 730,387907 6955,450901 7
588,533344 642,458585 6992,029913 9
333,845891 897,125219 6999,154196 10
42,425619 779,971509 7012,574374 7
437,356875 109,512137 7015,268786 8
80,416144 448,031731 7021,675434 2
275,823310 79,184204 7022,575722 1
158,348293 803,728082 7032,095334 5
480,403740 488,961541 7035,036067 6
142,481920 226,798659 7038,369859 4
291,816579 339,480970 7040,242479 1
653,344263 34,311738 7041,221543 6
100,124472 896,763842 7050,626174 7
684,929234 278,814032 7053,335215 6
256,646524 903,644231 7075,138107 4
200,376814 445,587912 7080,785034 5
164,377763 685,882089 7081,337015 1
268,245018 666,086393 7085,332399 1
955,721523 232,368076 7089,951700 7
51,648370 506,710149 7092,112602 10
93,737714 0,967191 7092,723721 3
858,763727 202,348705 7093,660000 6
88,747310 173,387839 7106,363979 9
441,667435 977,422501 7109,068860 1
843,910820 263,265355 7111,993793 4
350,712960 744,231945 7128,136874 6
239,892027 524,302613 7133,735160 10
744,345616 778,014284 7140,041941 5
469,790859 687,792903 7142,630833 2
685,453681 131,330798 7154,318918 7
390,876821 639,679946 7160,548327 10
28,279858 545,119679 7164,802502 6
508,964834 173,496606 7176,180267 6
410,585478 951,496978 7198,785561 9
634,049546 111,826811 7205,590700 9
758,053641 861,622042 7208,662073 4
894,840341 709,777372 7209,219328 2
940,471482 865,061162 7211,735832 4
484,988168 645,915719 7217,036168 5
447,293816 516,784238 7229,715222 5
812,772081 489,041061 7237,296833 9
947,003763 676,113178 7238,246978 1
302,719607 226,070738 7246,116488 1
868,674219 239,923242 7281,278224 2
479,647709 314,684108 7285,924292 3
169,392308 686,612198 7308,602024 6
125,660488 242,555030 7325,692753 6
784,458637 356,019420 7338,224921 6
515,357988 34,136789 7343,443528 7
25,563023 840,759581 7348,518337 10
499,503060 551,270030 7371,427575 6
575,188051 587,502063 7371,559371 10
179,461904 564,803950 7402,599868 7
92,650129 118,439111 7415,954806 7
855,065084 169,521404 7426,347365 10
221,531343 547,965701 7426,548302 3
959,897730 847,573014 7444,797413 4
469,445419 260,767840 7444,887419 2
755,843710 300,662033 7449,406258 6
289,505309 148,784460 7470,012706 6
177,188665 17,127784 7476,675792 4
182,325424 617,413083 7479,657391 4
77,341441 356,852934 7479,854688 4
164,457197 250,638226 7494,987823 9
479,228354 940,781439 7501,672644 6
993,661541 55,560089 7504,494476 3
514,390041 276,190536 7512,271808 6
711,786706 267,796496 7522,516468 7
345,118266 373,283405 7533,417496 5
583,532719 975,082306 7535,065114 5
705,555373 674,058559 7541,427111 4
41,856982 734,065969 7543,812115 6
996,134751 948,178006 7544,609033 10
326,963205 365,695737 7563,632386 8
541,741061 790,183108 7585,816659 3
728,881344 490,066442 7594,241692 2
835,623364 443,005995 7628,602082 8
370,513644 826,014242 7630,974575 2
999,063860 800,283232 7634,064686 4
340,972024 479,542840 7649,997427 2
349,388117 24,752434 7652,525380 3
748,563226 247,867656 7656,106376 7
158,271187 261,930188 7664,249936 8
529,668689 232,262746 7665,956295 2
447,840079 24,927896 7671,286619 2
60,640556 450,339303 7672,923978 10
826,731418 885,289949 7681,108008 6
617,408361 430,073378 7684,689860 1
510,888098 91,791302 7696,178986 7
924,274919 383,692478 7711,743691 3
369,742100 3,622645 7712,870913 8
572,524125 567,806229 7735,256506 4
830,940664 962,842182 7746,773728 2
322,467606 137,587229 7775,230910 9
877,273386 362,640899 7781,843105 1
486,402870 276,568202 7816,021313 6
868,564167 39,312570 7816,045556 8
803,183525 77,105274 7824,805436 4
58,047762 413,135901 7824,891919 6
277,213859 336,860844 7836,560021 9
433,781297 751,234376 7874,745699 6
846,129417 379,829630 7879,384436 2
479,718705 529,426694 7908,062392 2
322,262177 333,403746 7908,438583 8
244,383968 835,869499 7917,485336 5
206,045427 974,816074 7957,220510 6
133,261707 755,482384 7957,418598 2
172,513254 932,623059 7959,798340 4
113,099076 172,569539 7983,543504 8
31,952281 579,264160 7990,645238 3
158,115134 27,948822 7991,077180 4
632,734744 184,155561 7993,954469 4
872,951153 49,937518 8001,447793 1
180,125638 651,100635 8010,252949 5
50,076513 698,952686 8024,935934 4
570,703770 392,918127 8035,577083 6
892,997262 591,363122 8047,406825 10
491,067000 513,026234 8063,639805 3
160,796627 173,652473 8086,680995 8
438,086390 1,643178 8123,265074 7
851,709829 754,238795 8127,360538 2
428,125011 968,700705 8134,944741 6
51,848582 511,302337 8148,204619 6
776,142567 352,665652 8151,191932 2
572,689384 452,019720 8158,889892 4
815,764456 837,195989 8190,353811 5
603,514270 943,663130 8192,428023 8
321,372941 871,515216 8200,918185 2
411,655857 507,151168 8213,053748 9
770,606657 341,644388 8216,348303 6
472,429619 12,317487 8222,523233 10
942,761883 526,214395 8233,019883 9
165,018804 135,234619 8235,244111 9
169,322618 775,189574 8235,790279 3
639,134765 311,903374 8237,224240 10
8,878721 234,076174 8243,686963 9
657,990544 637,191897 8277,100502 2
506,032645 499,593735 8284,058486 1
587,535041 106,890962 8286,567165 6
874,822041 279,933057 8308,661406 9
237,827873 593,447846 8320,272242 2
911,692540 227,406008 8329,233487 9
408,251608 969,268289 8336,142648 6
592,385033 543,574432 8339,361659 7
48,125669 150,131303 8353,409575 4
193,757688 306,053752 8358,637415 3
742,813402 77,481093 8363,684554 3
698,155105 695,088817 8366,945175 3
241,512899 62,103107 8391,322311 10
583,042842 138,928461 8400,769839 5
786,498503 136,984133 8402,265155 5
673,005029 449,603392 8407,539480 9
260,227660 220,026162 8416,092224 8
618,558379 806,552281 8426,936706 6
228,754580 72,381804 8426,941551 5
943,247074 486,081222 8430,981665 8
836,679626 182,045900 8433,397418 10
79,034356 811,919328 8482,627465 9
677,471690 840,479413 8483,002079 3
838,384694 433,896404 8506,861520 9
902,947169 493,312718 8510,335207 7
783,424894 966,281282 8527,537179 10
863,144247 994,490715 8527,709958 8
362,499981 366,745833 8531,352703 8
879,102268 764,725943 8534,524907 9
263,222951 232,100204 8539,415161 2
830,527427 442,796703 8552,226308 10
315,951019 863,948722 8565,717333 2
37,098983 824,187607 8588,477901 7
199,059509 123,550083 8611,462447 3
642,072768 253,784076 8624,175133 1
525,622877 39,625953 8629,891352 7
900,307320 644,144045 8648,945374 8
392,736829 920,345292 8663,927912 1
273,407031 567,105361 8671,669200 1
71,469955 510,276757 8672,151618 9
348,514855 10,773037 8672,199327 5
121,049491 198,005844 8680,835194 4
193,096272 56,780549 8684,700998 6
290,823077 805,344156 8692,109735 9
514,683786 790,592088 8705,227929 7
433,779727 651,037438 8710,279500 3
783,146556 919,733900 8733,273614 3
857,631377 929,518497 8741,142776 7
251,768224 622,641206 8742,495399 7
275,249106 360,792582 8748,994723 1
931,563910 484,047306 8749,031299 5
670,657091 801,230784 8769,869021 9
430,382140 964,186104 8773,522685 4
627,349759 824,238850 8780,092930 8
718,522898 968,985504 8780,772531 9
960,677690 773,823428 8805,957749 9
749,955294 775,252594 8813,837620 2
684,967812 246,693034 8814,366065 8
710,003513 27,325202 8817,757939 2
764,951103 501,773935 8820,852323 7
873,826139 435,383964 8826,956326 2
964,843981 346,572152 8850,012843 1
668,186845 697,382190 8868,006391 3
896,285404 471,783430 8872,857428 1
536,266703 547,957037 8892,712843 8
110,878174 455,290864 8919,409661 10
358,335428 29,103579 8919,650814 2
394,248574 531,749196 8922,748894 5
170,819617 135,071429 8924,547310 9
892,575951 43,649851 8951,339857 1
516,926066 65,973494 8973,978488 4
34,448782 924,388455 8983,622345 3
407,798288 15,761959 8985,578849 3
795,971564 529,540458 8989,961138 6
575,536529 928,560368 9015,934844 9
58,807022 473,461164 9018,010712 9
9,490436 95,432903 9031,000873 5
343,168840 853,409087 9042,303764 2
935,693739 720,616401 9042,444425 5
369,453553 83,856941 9043,007098 8
805,380465 568,129062 9049,088586 3
227,207754 359,292710 9073,204629 6
308,396417 829,692427 9074,758436 3
113,668870 146,637923 9089,267520 4
357,349252 271,984778 9097,901257 7
445,641080 473,675779 9122,405797 2
637,311076 72,959319 9127,569131 1
527,279150 559,235795 9141,016636 4
99,598255 822,967284 9161,147096 5
166,398342 916,664281 9164,114652 6
452,286592 568,399524 9181,914235 3
751,002920 916,675125 9222,632937 9
588,918987 370,672430 9240,733874 8
868,677311 637,228468 9251,939250 6
49,188099 661,479716 9253,051567 7
128,107680 926,495134 9258,805250 2
665,552296 75,503294 9259,846992 2
521,054668 350,819551 9284,547776 6
796,388023 277,126730 9306,264387 3
397,979642 252,966561 9325,081716 5
159,074259 711,011496 9327,036160 6
697,064411 803,323229 9328,373761 3
282,829715 183,630017 9337,125895 1
594,429312 640,742787 9343,975700 7
500,019694 573,324586 9351,770768 4
931,916659 182,865162 9367,372672 8
64,050475 775,424387 9370,526798 8
480,937948 709,566458 9374,788875 1
373,515274 481,294493 9381,823143 8
135,232563 761,033870 9384,382719 8
861,714568 715,021111 9387,026541 5
778,061525 432,530921 9390,167629 2
852,076949 692,133988 9390,776892 7
796,180843 946,336218 9395,262296 2
280,697734 362,949610 9395,516639 3
729,444333 559,854670 9396,439580 7
173,415821 860,937963 9396,515939 9
951,812372 46,120640 9414,319291 9
701,914071 15,944589 9416,810136 8
617,569444 940,573764 9425,534642 5
254,345690 965,551631 9441,504715 2
269,949392 582,554344 9443,336983 3
142,029113 774,721033 9458,136411 4
621,984440 567,066292 9522,967813 8
208,732877 352,379521 9532,770780 8
152,518927 46,792864 9540,183388 9
643,816775 186,972897 9552,920558 10
181,191590 85,735822 9564,860702 8
460,580738 792,297498 9566,400042 7
939,136311 517,513648 9568,207764 1
143,701052 956,448510 9569,127001 9
608,102222 825,547416 9573,813640 1
889,483611 657,284149 9576,341114 1
343,670318 41,735717 9597,560858 10
128,501394 805,300824 9605,412589 5
903,392256 294,118232 9612,692110 5
480,841746 846,787258 9613,060066 3
548,097269 453,573078 9640,439145 5
916,183605 985,647689 9642,790348 1
383,907950 705,187562 9645,747066 1
51,893672 37,966351 9651,734749 8
106,776574 360,720851 9665,074911 1
885,080567 719,780569 9669,074455 8
294,430736 329,900114 9682,701621 1
305,672194 215,160352 9693,251529 9
487,562301 642,688752 9705,494402 8
549,141658 150,252123 9749,332061 2
202,354678 67,447163 9758,016985 10
845,566215 639,665430 9758,931921 8
264,160682 271,162659 9779,488378 1
100,831340 720,756963 9787,329449 7
861,104045 561,045010 9800,501446 1
390,532715 964,557295 9802,644853 9
119,800550 99,091941 9810,073951 6
462,275776 529,091780 9812,857514 9
914,613421 53,554876 9815,897705 4
414,781191 438,690708 9821,066643 1
743,883337 517,212246 9832,003485 3
694,027082 928,081988 9864,656733 9
887,091961 952,202550 9871,201395 5
467,802111 894,705106 9878,428438 9
587,180918 345,437482 9878,434462 7
904,810241 929,302727 9891,950900 9
447,320839 215,425551 9894,505397 2
569,279471 953,036128 9896,468317 4
111,074592 74,960777 9898,013560 1
856,224235 896,417941 9899,211593 1
613,907295 851,190157 9905,622293 4
19,083386 228,381729 9909,149832 8
622,887431 363,559586 9911,081301 4
303,953714 810,011067 9913,157203 6
323,624617 903,465669 9931,747571 2
700,047500 756,490743 9953,917612 1
993,759237 96,942402 9955,547904 7
105,339302 530,711207 9969,148756 6
145,807128 42,930079 9987,867205 9
