100 1000
674,156028 397,223400
685,311662 399,212211
677,460960 396,290506
683,736359 394,191612
667,608172 384,775759
685,678560 388,197593
678,404189 398,094213
681,039111 392,999284
683,176120 398,789033
690,709616 389,357056
681,925784 397,485424
681,017644 397,565142
676,466047 391,634088
679,558585 392,052894
676,933735 396,115184
674,078596 389,314780
681,019763 396,170859
675,501728 407,185924
700,696528 387,094998
681,632719 423,862113
717,208976 417,428944
681,133178 393,516257
690,674937 393,381666
689,536442 399,136013
684,592096 401,768666
679,214927 395,701099
670,647556 398,713506
685,895497 406,061830
682,143930 393,668139
677,893687 386,345654
688,652643 394,794421
682,082443 394,177034
682,860693 389,798738
675,136525 396,454122
667,506449 395,358889
680,149602 396,798158
690,743060 405,581914
697,297448 407,398802
693,639217 396,883416
681,609857 396,472841
681,904487 381,243104
689,292659 401,878608
694,203108 402,668740
676,856845 377,824515
688,512631 371,501924
679,651185 394,476167
680,225806 396,573799
674,303937 387,258420
681,890592 396,607314
703,746732 415,954233
679,557008 396,844885
681,492941 417,663684
687,582095 394,111725
666,334240 384,421382
706,438782 390,841459
691,748514 389,455519
701,972122 400,165407
680,898227 396,528059
693,643027 404,526996
680,524927 397,148904
685,893160 392,821890
684,577525 387,469666
666,304490 421,523529
683,610203 404,929859
679,663881 397,168823
688,794306 405,594658
664,037380 383,358480
665,509272 398,337883
671,811000 400,078484
676,526216 401,942313
663,456088 425,413980
682,350693 393,323568
676,939002 396,590360
662,585920 384,503209
685,002834 395,975600
688,511265 403,512743
683,545051 399,807487
671,085953 395,337139
695,074141 402,550035
680,520555 399,111622
690,407061 383,804132
680,087158 387,676882
683,916388 399,070256
672,492930 417,071230
680,422686 396,363938
692,479039 401,112611
675,421970 395,090911
681,181581 400,966589
679,866106 394,996310
686,078796 399,129168
691,601743 359,555668
678,085665 396,138379
679,113367 403,630630
693,578312 394,365870
695,779433 388,539083
700,022153 398,642045
682,907929 407,114789
686,340814 403,123187
680,962770 405,656665
679,600991 393,894039
696,207512 412,848467 7,471187 1
680,630799 402,344592 7,546470 4
676,421953 396,688364 40,759598 4
671,114512 399,266471 45,399183 10
684,228827 390,615173 54,346418 2
675,118259 397,643381 64,409420 4
680,853714 396,589030 70,648746 1
678,925702 397,226641 75,110390 7
681,865404 395,905769 83,532949 7
681,525858 409,105351 88,749589 1
680,558807 396,077173 100,694003 5
678,182164 399,110878 100,853766 8
677,559022 393,459006 111,383832 5
658,135205 418,999430 120,313784 10
673,119303 405,279583 125,143647 7
680,549887 410,188028 133,219116 4
677,381203 386,505714 145,078479 5
679,081112 394,299159 153,253987 5
673,180400 410,993238 153,432436 5
697,682379 393,640839 175,585296 10
706,044316 377,352041 177,174576 7
722,886281 411,707117 181,492176 5
701,243821 418,094025 182,739027 2
681,933457 368,935014 197,267662 7
680,580706 410,992261 203,828362 9
673,999700 390,078870 210,237834 4
680,516456 395,251007 228,033608 4
671,685861 404,852961 241,580929 8
680,879342 399,644042 242,362932 3
681,035648 396,294717 258,160358 6
677,108253 408,176857 261,703894 2
675,978178 378,979424 280,233511 8
684,305296 419,027907 292,271186 2
675,869924 384,158629 311,787343 4
674,309751 408,378026 331,009732 8
685,013803 379,521650 340,267511 10
641,759244 394,773866 345,091218 1
683,441545 405,743207 346,218487 8
689,153538 380,477283 352,837511 5
678,615761 396,651063 360,624821 8
680,675274 399,493195 362,414782 5
679,968861 396,419594 367,050710 7
698,566719 397,995900 372,596385 10
694,198411 391,356972 377,660466 2
684,435309 388,525618 386,290267 7
674,899133 422,756642 390,887546 3
682,659269 407,494801 392,352886 6
684,700991 409,238733 402,312590 3
697,898376 384,453847 404,658318 5
677,693029 393,573878 429,572599 2
681,931691 396,044277 438,907669 7
664,097812 412,497716 453,577063 5
665,885705 390,463502 472,721488 2
696,992947 404,715044 506,741260 1
666,497363 398,496590 507,133542 3
681,954231 385,194179 512,305094 10
676,300490 377,198647 516,915142 3
681,518210 402,009669 532,156732 10
678,044185 390,974172 540,112805 5
685,123375 394,855502 551,459948 4
685,294954 399,121867 575,451507 3
673,989999 393,742526 582,046891 6
679,922818 388,410320 603,667046 2
683,106774 396,918150 609,605316 8
669,489652 373,874546 610,380525 3
682,085335 395,413337 613,837261 1
677,350458 377,418814 647,734341 6
670,944957 406,964775 654,959758 5
688,369023 409,381706 658,076890 7
681,725467 411,206995 663,859238 6
686,803641 415,129359 671,562591 8
668,966903 413,940506 684,846505 1
677,264430 407,334116 693,473382 3
685,950950 384,156499 699,337871 6
694,403331 415,038236 700,153633 3
679,617701 396,500745 706,402566 4
679,008043 392,576762 721,937579 5
684,585585 393,459653 738,222797 3
662,595991 386,976806 742,865794 5
681,558654 391,911583 778,089219 7
679,102159 396,615427 802,194759 5
680,037463 397,859600 806,220195 3
680,110570 398,109035 821,562385 9
675,585518 380,491733 832,186614 1
654,789396 372,960787 850,275600 9
672,607192 410,499157 852,474096 7
678,642188 398,562607 864,894221 5
666,377087 382,789746 869,245376 7
666,476098 400,199843 870,576430 1
680,675263 396,808849 879,284359 3
678,174997 389,847423 902,504358 7
675,433685 391,741022 948,725156 6
676,058151 388,014847 948,886849 8
687,029969 395,313496 956,069329 7
673,638028 396,540310 967,957935 3
679,259155 400,733281 973,344260 1
665,669755 380,899923 1005,254176 6
678,473300 392,647546 1015,863618 6
686,872591 385,226719 1030,719603 8
693,569070 408,016916 1032,222559 6
672,225273 405,623869 1032,265469 2
698,659360 403,106084 1048,457003 3
678,031154 385,876677 1067,755761 7
670,152647 429,860732 1094,183432 7
669,896713 413,380271 1109,687796 8
678,285986 405,530138 1130,952318 10
680,496569 402,047077 1132,660223 9
682,052091 409,866509 1168,281690 6
678,682558 415,851042 1178,717832 3
663,115837 384,146088 1179,057027 3
666,118936 414,037275 1184,762259 5
680,614350 396,746968 1190,674764 9
680,646948 396,978099 1192,791401 3
660,831473 406,496396 1209,528567 9
678,849775 397,381884 1210,490082 6
697,907441 403,730180 1216,837083 3
669,486544 387,280168 1236,922467 8
675,359583 398,208086 1240,903958 2
682,648162 392,123613 1251,635873 7
681,056676 395,848453 1257,176004 8
677,654330 396,773571 1258,024607 8
689,431290 394,983452 1261,246721 6
682,078640 397,379355 1270,378976 8
675,241326 391,070645 1281,722583 1
678,553120 396,034720 1300,726674 3
675,445339 397,005277 1307,856125 9
692,835674 399,446838 1318,624035 6
668,270552 395,302986 1330,397564 6
702,669240 383,692587 1334,297691 8
695,541114 416,836692 1340,703600 9
667,662389 382,871854 1373,884132 1
679,354185 396,445177 1377,060330 4
666,591323 395,547273 1386,481817 7
682,209555 396,053519 1388,806449 10
680,092841 411,587233 1401,941809 10
681,681587 380,565538 1408,517951 5
682,077177 395,221333 1413,242091 10
681,847033 394,085579 1416,601592 1
677,451719 415,110825 1436,096219 9
696,222364 369,123761 1443,181313 6
668,197052 415,785622 1445,815340 7
680,896191 409,930276 1446,686804 3
711,237588 395,766410 1456,474459 6
695,285515 376,671318 1488,059537 9
685,867718 401,943592 1494,935486 7
680,273099 390,502397 1513,555226 2
661,357593 395,654928 1521,157835 7
671,126829 393,152910 1534,191879 4
673,283381 391,861874 1542,565611 3
681,705310 395,416338 1555,320832 10
682,903238 387,472863 1560,249802 10
692,467488 378,600892 1561,712203 1
686,557254 437,773028 1575,666417 9
680,843180 397,067458 1590,572926 1
681,615691 400,864521 1598,633781 8
672,379601 408,563196 1607,304339 6
682,504089 389,122133 1613,090147 7
684,898809 415,960439 1631,071968 10
692,017252 418,796258 1642,281504 5
676,801672 413,552152 1677,033834 3
673,849686 396,879682 1708,785051 3
663,996252 400,673084 1713,542911 4
664,016531 414,636165 1714,174074 1
679,771539 399,875708 1729,979414 4
679,635751 396,260932 1742,693056 3
698,323924 386,711265 1756,618719 2
689,911822 395,079194 1758,123392 6
657,558268 407,445112 1797,053898 10
679,135627 387,931978 1802,914072 10
683,210479 389,273847 1804,813844 6
669,185691 412,446455 1827,181893 7
673,198464 397,252845 1861,869458 10
688,310882 380,014297 1865,872670 3
687,849459 394,531330 1868,368363 6
685,278069 389,360881 1876,476757 1
668,833294 396,935045 1880,666399 3
682,319154 394,620820 1931,463646 3
681,502811 399,672049 1938,283504 5
676,815066 412,486668 1942,946656 10
689,030136 402,061571 1945,625504 6
691,299118 401,229299 1967,267660 6
686,572298 393,315174 1998,886951 1
681,796197 373,745279 2024,794928 8
704,266153 384,937209 2027,322200 10
685,722991 402,688671 2030,042235 9
687,158876 392,503531 2035,947227 2
679,085269 394,151424 2038,676950 9
681,214354 396,012113 2051,467174 4
674,840698 396,406633 2054,709460 1
683,537234 392,685446 2065,187579 1
682,897814 399,018798 2075,853781 10
682,242766 394,739659 2083,456171 6
659,016439 410,564655 2086,391744 9
683,086906 399,140137 2089,460145 10
688,771766 396,570348 2094,369596 2
680,995992 396,522904 2094,376299 9
680,051214 394,825814 2095,692828 2
672,942748 398,890573 2105,038454 8
685,362306 396,204089 2122,191046 1
673,965838 405,714802 2122,457713 5
679,747924 400,225084 2125,105063 5
678,194329 402,340262 2125,531908 9
687,121122 369,781783 2138,525600 6
715,714871 404,691899 2162,216598 1
669,419447 395,400037 2177,744260 6
687,192382 411,348843 2210,577748 10
679,623081 392,706582 2216,549181 8
691,709481 402,063348 2220,000187 10
690,095260 363,684705 2222,615330 5
675,265383 396,378979 2238,218389 10
680,060610 397,377887 2269,657402 2
678,472020 404,654362 2276,095575 2
680,734242 397,185365 2284,146000 10
690,059688 382,679816 2299,849891 7
686,133552 399,512801 2308,553384 7
698,333545 379,806793 2323,063119 3
683,268824 398,104394 2331,609467 5
680,511620 396,203504 2354,699542 6
674,286638 389,899267 2374,154974 1
670,166836 385,262425 2375,563720 5
681,691702 396,378147 2377,263121 9
675,287565 394,967297 2379,864540 1
672,741223 395,130467 2390,412873 3
679,530689 393,233415 2408,707450 5
675,226827 423,557707 2422,877733 6
661,180054 386,312399 2423,937189 5
684,116005 414,009430 2431,616914 6
691,502127 406,921383 2438,701760 3
704,311530 373,522992 2438,840104 6
701,049655 397,988734 2445,177327 10
658,598717 419,160505 2466,404003 6
689,075292 390,298325 2486,108395 6
661,983373 377,369201 2490,983859 4
677,707169 407,750496 2491,985653 5
675,505935 394,223338 2504,922746 6
681,906473 397,379177 2505,059851 6
667,732157 393,428531 2533,291565 6
675,273546 380,077531 2536,082454 5
688,904834 401,915804 2554,777976 1
679,177532 387,021061 2559,416892 8
696,508840 382,755197 2562,571773 6
669,080958 393,885661 2564,674280 9
695,358281 392,983711 2566,694937 9
678,161482 377,769682 2574,182999 3
672,803030 390,621975 2585,762763 9
683,113120 395,338929 2591,388580 4
678,310930 394,877274 2597,669886 3
676,431018 401,999150 2598,024502 4
680,605505 397,296095 2599,115399 1
680,034458 396,167117 2647,648625 6
681,669156 396,115563 2650,590773 4
667,946883 404,418109 2651,104719 7
682,351550 390,244204 2664,923424 2
682,855701 394,993754 2673,040485 5
668,860558 389,663798 2673,087040 5
681,509729 408,012521 2684,215865 4
672,101284 382,356174 2691,394918 9
679,331881 395,384958 2703,409461 3
680,937695 397,079183 2708,007686 4
686,005600 410,163313 2728,638522 1
698,319818 406,983056 2732,088794 6
682,351482 396,557304 2744,325137 5
654,245642 400,786085 2746,057378 3
668,107491 401,765447 2747,771988 10
655,589380 404,021363 2784,324906 6
699,307776 397,200592 2787,410046 3
676,328311 398,719460 2798,006700 4
689,420736 382,261734 2834,010011 7
681,526913 405,735588 2835,100475 10
679,605901 394,912782 2836,487872 4
682,743595 397,788174 2838,360293 2
705,280478 397,324671 2840,495860 9
664,796141 420,197104 2860,636393 9
677,391493 406,411548 2863,729432 5
675,775441 395,329018 2889,671883 3
692,875833 386,399610 2893,487525 9
680,901006 396,697866 2895,554350 9
686,994553 393,555507 2896,333373 10
676,922496 401,932564 2906,988305 7
673,931343 391,949171 2908,421371 10
701,914134 418,943071 2908,432470 4
680,621123 397,027667 2909,699084 4
698,498271 391,306522 2912,130380 7
698,263808 387,719178 2914,381005 4
682,959830 397,495961 2936,055545 7
677,216547 394,388004 2943,176286 4
685,612931 394,796727 2967,524317 6
660,669482 402,618858 2968,844788 1
724,404409 384,312998 2970,044425 5
680,606672 396,814640 3009,918903 6
691,059125 387,340497 3015,910853 4
681,292672 395,507046 3018,948322 6
681,329787 396,524734 3037,076751 1
679,018442 403,943831 3064,796585 2
663,939862 411,052344 3065,076408 10
663,777903 394,716964 3079,340949 6
692,998154 415,811877 3098,755022 6
659,902550 403,515032 3115,985508 1
678,420257 397,277944 3125,184080 9
682,697579 415,872192 3129,798431 4
693,908750 394,689759 3136,299364 6
682,063405 419,420207 3141,903150 3
680,252190 398,079580 3143,671997 2
674,265024 400,781104 3144,352935 4
660,926002 380,618629 3147,219455 2
685,805726 401,724638 3171,369020 5
680,583541 396,871151 3174,206063 7
669,865311 396,560965 3178,374935 6
697,721701 405,580535 3179,871625 9
674,336672 398,801493 3188,565835 3
687,911783 401,672481 3192,247220 10
677,828494 396,683532 3196,766662 7
680,749155 396,681452 3221,815851 4
699,255303 427,452888 3232,828410 10
707,452110 405,360749 3236,780430 9
697,161692 393,364726 3245,610245 8
696,251984 400,652599 3265,257556 8
681,333824 388,762089 3270,264943 9
671,345808 400,557648 3286,456846 3
681,235499 399,100373 3291,100510 4
694,755260 395,528470 3300,885750 4
685,376516 400,172331 3303,711334 5
694,882273 414,735891 3308,633509 6
683,235864 394,811350 3309,420500 7
673,169285 398,174620 3316,101472 3
677,797635 414,610290 3319,905853 1
693,077719 412,010617 3323,666053 8
677,913489 398,658498 3377,757463 3
680,889757 400,612071 3388,415025 5
685,081895 372,321465 3388,511865 6
683,301380 393,398466 3388,665055 4
686,205117 397,306116 3394,245395 5
684,006607 392,868310 3394,411254 6
680,993319 396,417738 3402,370077 3
673,985767 388,120256 3402,465449 8
673,975881 406,885753 3413,063076 9
651,298411 387,145307 3413,544893 10
681,169739 392,063145 3428,716292 1
679,138735 395,840796 3448,393504 7
704,089671 403,277490 3457,814035 2
675,316631 385,467647 3479,107435 8
677,218473 399,815501 3479,380869 1
653,193053 397,643774 3479,697920 1
679,788032 414,713848 3481,948173 3
657,599749 398,258730 3484,886060 2
675,954117 392,001824 3488,812094 6
680,438082 395,063966 3492,100497 7
680,209180 393,658594 3496,316728 1
672,630918 377,366595 3519,854216 3
675,775232 386,559387 3529,080429 3
689,671588 388,028193 3534,148869 5
681,241572 396,541454 3548,545925 3
670,129629 412,404425 3556,799046 2
653,422468 390,756229 3562,381536 9
683,282022 396,130697 3570,146565 7
681,129754 396,864594 3591,010015 8
695,389412 400,561049 3592,854306 10
670,164150 385,487542 3625,560099 2
659,729500 378,928001 3628,797762 4
684,136995 389,333881 3629,642979 8
680,858400 396,893584 3642,872121 9
668,775907 376,615744 3644,342626 3
681,720136 397,488766 3644,941121 6
674,417657 416,829391 3663,153477 6
685,016873 398,361903 3672,987780 7
702,722168 423,939041 3673,063225 5
684,761140 402,322601 3681,113091 7
681,296372 400,318000 3734,968295 4
693,376318 369,180758 3757,963890 6
651,105287 386,327694 3759,369925 4
682,916271 400,781434 3767,845959 8
676,300386 396,853537 3780,767796 4
677,305670 398,911059 3781,268550 10
688,470516 393,491315 3818,627013 5
692,246664 402,627951 3826,581301 5
669,883740 392,485162 3836,800709 8
673,358649 411,973387 3839,141351 1
669,189870 409,044295 3840,179682 2
699,199301 425,189663 3845,773889 5
669,469555 404,691986 3857,312249 10
675,927386 402,431652 3858,501265 2
679,900463 395,897463 3862,212245 4
681,170790 381,443253 3863,784794 5
672,465952 393,742233 3867,484599 7
682,133936 391,667858 3883,388388 1
682,816060 396,322942 3888,967329 9
685,963395 398,435873 3891,812400 8
694,415854 396,707950 3898,987576 6
677,290853 392,024792 3931,040354 3
680,505911 397,114417 3949,894141 9
683,372007 395,959597 3953,889246 7
688,548630 404,140659 3955,196580 2
700,154045 407,116128 3976,222010 6
673,477322 401,164024 4030,030065 10
682,144391 413,587320 4031,570602 3
688,555482 391,027477 4036,786183 10
693,376767 383,102267 4043,563889 10
680,193531 394,611875 4051,985703 4
678,695657 401,423042 4060,739075 1
680,560347 396,806929 4073,991688 3
676,895892 392,806374 4095,904587 6
679,873396 391,540689 4102,989265 4
678,485811 401,951360 4111,102707 2
683,231451 397,861150 4119,269958 9
669,257838 393,964397 4165,260221 1
668,422339 392,981897 4177,873998 8
702,762669 405,079980 4184,809253 1
672,735706 380,450293 4189,423575 8
682,876392 397,274426 4205,015391 10
684,834024 394,297553 4205,378448 7
687,074004 388,895899 4226,598421 4
660,495301 406,887937 4240,701924 5
659,816023 409,683744 4254,424879 2
688,235949 384,963944 4260,816248 5
672,064724 386,478387 4292,524997 9
689,048647 384,395671 4317,725154 3
692,825897 404,487147 4328,647412 2
719,196826 398,682020 4332,104805 3
704,418660 398,791235 4334,810741 6
669,681112 418,327387 4347,366202 1
691,738150 405,129207 4387,737299 7
680,648112 398,894946 4389,959038 5
659,112062 403,417397 4398,677032 9
677,686449 408,865749 4401,845269 3
689,866948 399,325811 4402,824511 8
676,802902 379,803698 4435,442959 1
680,846078 397,953253 4436,103208 5
680,340514 399,450422 4464,397723 7
667,498278 432,639895 4476,565577 6
674,511792 383,559852 4493,621593 5
678,515297 395,586949 4505,126419 8
677,725571 397,543964 4537,603173 6
686,007693 394,859231 4545,166848 2
675,199252 404,816368 4558,992527 1
677,903001 394,710207 4562,513304 2
677,224900 397,251844 4572,435057 6
671,224489 398,331482 4576,768304 5
685,102559 394,056543 4578,565299 4
650,931797 381,105340 4581,987163 7
682,411586 406,932611 4596,717145 4
682,811288 400,598326 4608,424357 4
674,626974 417,440598 4615,993292 4
665,866440 386,939979 4620,818166 10
684,765395 396,074199 4630,226541 4
693,227181 382,939747 4648,580405 4
679,110479 397,905494 4663,460047 8
683,758307 389,079462 4666,081982 10
684,467055 406,005416 4674,987794 7
679,062011 399,707230 4685,878441 9
676,738588 395,478342 4704,426703 6
672,121147 361,776881 4712,420580 4
672,779821 395,535940 4725,152199 10
686,022310 388,884609 4727,165196 3
669,030048 387,939052 4740,533009 8
679,782838 392,245719 4767,233954 1
676,483488 398,754012 4772,882642 10
694,066242 397,675775 4802,099141 2
670,855843 396,726274 4810,922942 10
684,384042 401,701438 4819,210586 3
673,791430 404,504955 4833,092456 8
679,949085 383,931822 4851,368268 10
695,299892 388,207713 4858,934918 2
682,289251 402,432824 4866,413893 8
678,955454 392,503927 4876,586808 10
662,985737 367,900383 4890,466328 8
682,786559 377,742059 4892,102761 9
676,246197 397,866705 4924,343514 7
696,046300 413,495671 4941,824147 8
677,111714 376,803090 4959,560354 5
683,297220 392,878907 4968,559033 3
672,187822 391,420078 4969,923204 1
681,421260 392,063917 4976,444297 3
693,042086 408,807703 5004,014479 2
682,546440 399,631288 5034,387014 7
675,999103 400,444843 5034,698359 3
671,651255 393,571435 5038,835735 6
666,696255 392,260885 5052,401666 2
677,990057 397,778135 5058,785979 2
671,735210 393,651389 5065,414390 5
680,922579 397,287751 5081,808384 9
693,439043 403,016054 5093,807719 4
681,782107 398,201018 5095,044469 1
683,153219 393,625899 5109,880108 4
686,325098 397,001342 5112,602793 1
688,108332 374,943938 5129,320072 5
668,909418 374,139799 5142,889168 2
666,290721 418,956782 5192,621285 9
718,111659 365,040513 5198,275194 10
719,177762 404,786805 5202,758314 6
674,027928 398,532952 5226,624714 3
680,773661 398,158941 5237,595888 10
686,109433 396,363118 5246,869892 6
677,740190 394,697562 5253,046723 4
685,239109 416,027994 5267,162910 3
689,370957 392,700907 5275,243071 4
686,335870 395,923237 5288,049596 10
675,693537 403,363668 5290,247247 9
673,780655 377,574064 5308,194641 2
673,520395 369,011407 5311,599458 3
685,294272 382,032591 5314,286359 1
676,494263 408,443292 5319,374085 6
684,002663 400,871902 5334,614343 6
709,574004 385,315842 5352,576353 8
683,397644 403,210359 5358,424362 6
662,734787 386,456381 5362,022594 4
673,072053 398,054388 5365,686368 1
674,992207 376,454417 5389,305313 1
675,755069 397,625721 5412,535817 9
680,033257 396,432665 5412,958736 10
680,053087 392,416180 5425,996557 6
680,572525 397,014207 5429,293375 8
699,116406 403,842194 5430,496807 7
670,841451 402,737197 5461,091914 7
681,452454 397,245777 5466,248432 6
676,214301 403,482618 5474,169178 3
675,265064 407,315586 5489,621834 3
696,491003 400,620070 5490,426182 3
666,415572 399,077789 5513,157585 1
677,308651 391,625063 5513,733363 6
656,983095 412,664689 5520,001782 4
687,355133 397,740657 5527,363940 1
682,521633 394,861046 5542,707145 1
678,200841 399,670258 5546,651974 2
682,694606 390,926106 5549,991054 2
683,530703 407,469757 5550,224972 1
687,319883 392,002382 5551,116575 10
677,202706 394,887560 5555,921388 10
662,119719 393,717660 5561,583650 10
692,768854 389,928039 5564,260306 4
702,879096 394,134508 5571,056372 7
682,694342 402,345178 5571,139253 3
670,829681 392,980967 5614,477055 5
676,890614 386,891708 5619,385936 2
678,973878 391,447069 5622,169924 3
687,949005 376,232137 5645,404978 2
677,247841 387,980968 5645,813700 8
688,427475 389,085682 5688,425059 4
688,511573 377,637303 5691,400607 8
676,744809 403,095419 5698,331539 3
682,030497 396,440883 5702,949099 10
700,544866 398,315156 5704,807873 3
692,291919 386,897063 5705,505698 10
671,975176 358,973215 5713,076170 1
658,121070 390,044745 5741,702564 7
689,778622 380,029131 5746,374693 5
680,241492 390,014536 5767,907456 7
684,847626 396,382818 5785,188354 7
668,099524 394,070612 5789,664629 4
691,188930 389,268931 5795,961479 8
696,005452 399,244819 5802,968061 6
678,085141 393,126745 5804,808790 6
688,251727 397,765827 5823,341720 10
674,369128 399,351059 5851,641636 10
693,763128 408,873627 5869,001367 6
700,033519 368,075059 5878,039213 6
685,711305 385,616597 5905,930976 4
663,207883 427,310673 5915,804997 4
677,251505 396,746466 5932,200821 3
685,635841 401,695614 5941,193821 3
699,393682 378,342598 5948,571010 9
687,124153 399,110712 5961,028234 5
680,772901 396,999751 5968,543405 2
679,058148 386,902704 5974,335052 6
684,276227 402,527063 5976,723863 5
676,023295 398,533528 5978,734035 5
650,348954 398,511870 5985,985993 9
671,915070 392,260045 6005,340093 9
687,632456 390,055197 6012,223823 1
705,210761 385,958780 6015,218400 1
660,610248 417,473170 6036,404581 8
693,868967 385,046214 6038,066937 2
663,009892 402,126697 6038,787264 9
694,370556 405,529116 6046,745423 6
679,361628 400,037235 6048,534868 3
664,477909 405,793053 6061,143805 9
680,769297 395,898860 6065,818554 8
681,226557 396,157440 6069,526284 2
680,740022 396,679371 6075,776251 1
694,521249 386,036742 6082,318584 4
685,732900 400,387049 6083,892845 10
706,082553 414,505403 6096,351507 6
683,292345 424,817477 6114,367570 9
676,547944 412,744470 6114,847419 7
676,457970 397,782156 6117,052656 8
635,633647 397,164541 6118,471847 7
673,602260 397,372338 6129,575982 10
696,773463 405,354684 6132,054024 4
668,720136 407,319720 6149,326392 9
666,023596 382,375133 6165,424676 8
686,001293 404,953427 6166,308304 8
705,657320 387,513591 6173,093817 10
678,683880 401,016260 6184,447055 5
683,647088 388,404233 6196,667985 4
673,892502 387,738450 6199,083446 9
678,239646 388,506678 6204,561738 2
652,831334 422,145003 6206,791848 3
697,570362 390,792277 6217,709052 4
676,624166 404,344189 6223,750634 7
671,770280 397,782011 6227,012003 6
681,051280 397,144815 6236,025203 10
677,931494 391,430134 6255,527475 7
688,726977 392,468757 6264,581327 6
686,634795 411,722906 6264,732276 5
697,953552 382,206636 6268,241792 10
679,165874 401,431683 6273,822027 1
697,993756 385,491465 6301,701790 3
675,210522 385,891944 6303,114873 7
688,327209 410,336664 6327,835711 6
679,478817 397,984854 6329,151888 9
682,938322 394,396449 6338,681900 2
679,979028 400,674866 6341,826448 8
692,291456 377,676672 6363,921302 7
685,996051 402,653361 6390,041039 6
668,618709 391,898328 6406,352925 10
673,311807 390,453092 6408,797612 3
679,450322 396,187146 6428,472304 5
682,999713 399,083313 6460,661763 6
680,321800 386,277295 6470,054487 3
682,672837 391,527370 6481,082420 1
684,680003 395,000941 6481,690434 7
681,785400 400,412569 6499,883704 4
691,304003 391,542953 6505,612437 5
681,782551 400,449976 6520,235889 10
672,066887 395,619672 6523,393167 2
679,201432 399,697729 6526,418064 4
685,947403 416,675935 6526,858908 2
681,686450 392,090788 6527,276423 2
684,089363 391,540494 6539,829319 6
649,777891 401,113899 6540,071758 2
679,330151 395,746388 6552,510521 4
698,209339 376,150591 6565,362222 8
676,168128 402,966404 6571,394379 10
680,266894 397,052696 6605,436630 10
676,929235 367,739872 6608,276921 10
676,086302 398,814303 6609,967516 1
690,329412 393,305712 6615,030138 7
691,991449 398,909213 6617,061490 9
678,831910 395,268188 6668,694269 1
668,443380 383,771276 6669,545116 2
701,978757 387,880089 6670,166329 9
681,087401 396,656530 6670,645464 5
683,186835 400,046454 6682,397841 1
682,364463 388,205327 6683,148912 2
677,659562 398,625385 6688,678378 8
686,376847 396,361995 6688,877783 5
677,063325 400,739200 6704,140194 8
684,207597 397,472337 6721,191108 5
710,052252 372,573800 6723,939105 8
680,753933 396,810231 6727,799808 9
692,447796 402,474801 6731,782555 9
657,453198 409,269588 6736,274163 7
684,744875 410,306382 6743,870474 6
687,041102 393,980478 6744,545675 7
677,853332 398,526671 6772,936283 4
677,168627 398,187451 6780,713585 8
677,776381 394,841187 6783,635285 3
686,393106 384,154187 6822,592883 7
681,518704 398,357302 6825,969184 1
680,370298 392,969320 6829,872078 2
682,710351 395,152116 6845,475123 9
698,382947 407,236441 6854,336372 3
693,553224 411,989045 6858,982058 4
688,155329 391,991071 6866,904278 7
701,656275 392,030915 6876,299615 10
683,678962 402,278938 6876,365939 5
678,929432 378,203647 6881,942341 3
673,492793 405,089981 6889,959019 3
677,605714 396,263267 6892,037986 6
698,032746 399,787531 6892,693300 2
674,430868 397,957956 6904,033161 1
696,620187 394,171712 6905,539759 3
675,811753 397,628645 6907,630841 2
681,141844 392,680006 6913,388735 3
691,381456 387,801340 6915,470416 8
695,591275 392,648783 6936,285563 1
675,079012 376,163322 6944,740123 8
683,347579 420,737374 6951,727482 7
683,803055 403,262858 6966,996844 8
687,492667 390,392308 6973,228889 10
680,967356 397,186365 6980,591772 4
699,333190 405,739762 6984,207804 5
687,797118 405,917523 6987,994069 4
695,632456 398,189636 6993,231273 4
682,781392 399,143218 6995,559587 1
684,812233 385,139729 7025,466614 9
689,529932 403,041349 7027,592963 8
686,751324 413,640237 7028,354715 2
682,277492 410,676063 7036,455365 8
666,628837 373,988636 7038,560835 2
659,520672 385,377627 7048,171799 7
671,684989 398,847845 7067,597721 4
681,904924 403,928865 7075,039114 7
672,284872 401,049368 7075,901547 4
692,343769 395,753641 7076,428975 4
676,186678 397,346698 7078,127814 9
687,714054 377,649295 7088,197137 5
678,857625 397,794351 7097,066572 6
680,582234 397,229649 7102,934646 10
681,107897 392,715488 7136,093463 5
687,035364 400,438683 7157,600817 10
663,363032 401,980301 7162,989309 10
671,910132 394,708888 7166,361701 4
678,273160 408,270496 7172,825123 3
688,320115 404,117973 7173,977288 5
700,880152 393,684588 7178,258630 1
682,488243 398,120108 7179,046073 6
679,571788 396,567483 7184,434918 5
677,530904 404,543339 7192,373754 1
686,291901 401,242725 7205,133955 10
682,351041 402,363758 7207,808426 4
675,722871 419,297016 7214,726779 5
678,970320 406,178810 7216,128576 7
680,584256 397,231650 7217,421096 4
677,407206 398,962610 7226,283305 3
702,204202 393,082771 7226,808946 6
680,039375 392,601133 7230,789880 7
679,303723 395,584224 7237,548158 5
651,952229 389,074913 7250,311386 4
690,020841 393,345866 7260,663086 6
683,725131 394,455684 7276,655825 9
680,117473 396,924286 7277,766170 6
688,154873 399,735855 7285,007983 4
689,663938 425,715881 7302,086025 1
684,400297 397,674625 7313,600667 1
665,557456 401,713171 7313,991395 10
688,613969 399,020208 7341,224193 9
668,983355 404,019665 7347,990543 8
707,674637 381,202127 7352,381099 8
690,862310 388,826228 7362,736078 3
681,780020 398,869562 7367,623542 3
671,110340 388,000739 7381,556895 6
667,380613 402,318246 7382,919790 5
654,126599 387,351809 7384,340655 5
667,728934 402,588072 7389,252317 10
680,323242 397,139355 7391,223005 8
680,673444 400,152659 7403,261322 10
691,321700 397,528848 7407,022217 4
673,742211 396,859939 7412,418166 8
687,532393 385,776244 7426,152850 5
673,755342 395,010608 7445,610385 4
673,671347 394,047356 7453,858160 10
675,085023 393,261735 7454,140936 4
673,482596 412,592759 7454,798834 6
675,469304 393,420709 7503,354181 9
666,678604 377,334599 7512,435056 1
685,501477 398,517093 7548,948014 9
679,530801 392,040983 7552,658718 2
669,431052 391,567606 7576,708132 3
697,616874 385,620985 7578,776500 6
688,225317 390,683337 7585,377692 3
664,693041 394,135894 7587,382586 4
691,244712 409,838831 7591,956023 6
713,989633 389,670767 7594,848138 6
687,493662 369,491396 7595,281172 1
680,374706 396,922780 7618,446097 10
685,161877 405,713478 7622,738264 5
681,629378 406,451505 7627,118594 3
692,481245 395,042769 7628,600130 2
680,112572 400,221888 7632,681315 2
709,188343 392,170281 7634,858955 10
642,743390 404,113396 7636,800353 4
702,769022 382,890393 7668,150035 3
685,513015 394,729861 7668,964572 1
710,715916 408,025906 7673,133879 3
680,636871 397,567934 7691,986592 1
677,521328 392,800996 7705,399226 5
678,550746 372,908528 7723,276645 10
714,040328 388,256280 7751,625072 3
693,770706 395,559121 7769,174205 3
699,113284 377,839250 7772,575756 2
671,965990 384,308312 7772,584634 3
663,918299 401,203771 7787,173487 2
683,919258 396,079760 7787,317640 3
665,104289 399,235364 7792,198746 8
670,043691 384,679614 7797,860771 2
682,026486 403,274168 7800,274887 6
682,043290 393,520742 7825,290272 1
690,226466 401,105039 7825,423088 5
666,952668 392,189070 7828,886908 6
681,637375 398,835804 7844,784716 9
680,759551 395,353124 7880,093969 1
684,267236 393,916928 7883,275192 1
672,081020 413,410547 7888,013731 1
670,651334 398,911216 7890,403970 9
681,219483 398,817564 7890,920503 4
683,438840 365,449311 7891,335862 7
681,396254 398,178557 7893,855936 1
690,579390 415,559524 7901,633083 9
677,279198 394,623593 7914,004841 5
664,449152 404,592790 7923,036266 9
680,624086 397,045149 7929,429411 10
682,341682 397,624906 7933,953520 7
672,187807 414,612458 7948,843374 9
680,582068 396,863426 7953,695514 7
685,082818 393,944958 7980,925652 4
682,672148 396,483285 7987,681829 7
660,775696 418,062425 8001,141589 4
673,336265 401,138761 8003,745643 9
681,965591 398,499669 8016,691271 7
692,591718 381,301246 8071,182543 1
696,267744 406,633904 8085,255376 2
671,501075 393,527341 8102,240848 6
690,455048 394,616952 8122,942742 9
686,430695 380,662747 8126,236167 3
679,537542 395,111407 8132,514104 7
678,340605 397,619644 8183,978103 4
693,937294 398,370323 8185,777990 6
674,896458 396,670877 8194,833136 7
688,778792 404,997483 8195,299480 3
691,935805 362,939548 8197,644984 8
684,105080 409,777873 8203,384151 8
688,541485 400,065679 8205,485252 1
669,676040 386,578909 8212,257640 5
686,800909 404,601480 8218,838865 5
680,240089 400,258354 8225,516304 4
676,494570 393,198976 8243,861995 9
666,220245 381,155548 8250,422181 6
682,274720 398,015638 8268,127334 9
669,895801 386,753833 8277,620945 1
689,551601 385,710993 8278,042533 7
703,433971 409,987511 8281,186645 9
684,151707 392,482884 8322,617299 8
674,528219 395,390215 8325,236026 3
680,950767 393,508225 8335,911621 7
678,006060 394,843978 8343,433329 2
688,492412 397,051400 8369,923849 3
680,214994 396,866346 8377,695586 7
689,184448 401,963372 8381,533364 3
688,384989 395,097645 8384,731737 6
711,376560 397,213302 8419,600697 8
681,592345 433,951517 8420,093434 6
663,234834 397,233794 8421,480357 6
678,325915 384,487579 8434,578223 9
667,393237 390,917053 8441,674463 9
671,505970 370,999074 8443,141916 10
675,379731 414,373797 8443,319665 6
681,617879 396,278523 8445,905666 9
676,645246 408,184851 8449,646585 3
680,362186 396,464884 8480,596187 4
658,247527 388,031971 8484,673838 4
687,464634 390,546902 8490,315853 1
689,634750 400,198882 8493,859766 7
693,089349 412,177232 8507,424090 8
687,295748 405,586309 8526,001657 1
681,494839 416,483034 8528,303522 9
678,047762 403,323664 8566,342055 8
689,736357 403,016211 8583,541662 2
644,280575 421,337650 8602,764415 8
674,831995 404,930808 8603,937003 5
679,946279 388,323457 8619,893154 4
690,177267 391,553600 8624,549944 7
698,366427 397,644047 8627,506784 8
683,470079 394,709852 8630,907022 6
667,804454 400,352894 8633,523082 6
703,578895 395,905060 8645,133229 5
683,637819 376,792652 8645,302977 10
687,312161 394,254022 8661,217666 5
676,659962 383,102932 8692,749510 2
680,712702 396,801936 8709,257630 4
683,992781 403,001408 8709,882465 10
685,050040 372,975666 8720,642017 1
695,472543 389,990821 8723,143819 2
707,207629 380,765532 8726,089981 4
664,134804 381,621969 8735,524717 3
679,036611 412,162737 8738,639780 7
669,485545 398,262305 8743,482184 4
681,851487 388,240636 8745,228916 7
690,321879 387,599987 8748,996074 8
680,558655 395,054221 8771,635723 1
679,213592 403,248988 8773,040296 9
683,720903 386,134311 8795,314908 10
684,277734 386,540779 8802,015339 8
693,818621 394,692246 8804,149169 1
676,956222 397,451200 8815,307920 6
702,106137 401,268030 8821,315690 3
687,952909 385,713493 8827,796085 9
676,786749 414,827767 8829,300583 5
666,479319 383,155230 8841,238510 2
681,058922 398,614629 8850,324202 9
681,895531 395,289002 8860,524177 10
695,542127 399,101474 8864,270824 9
660,807276 407,252609 8867,432564 3
695,066043 401,382180 8871,886176 7
675,993160 404,740887 8885,278357 3
683,210180 401,886281 8895,530374 10
681,223133 402,769199 8900,164018 1
712,935193 409,042854 8918,708937 3
677,508862 395,979729 8919,037857 6
674,227417 400,358337 8957,171873 4
695,951232 406,823323 8991,713176 10
695,729230 391,022966 9007,620402 6
675,469526 396,243577 9007,686192 6
691,501406 402,331152 9010,700344 2
682,188126 395,426669 9014,444564 6
671,868316 398,026115 9019,902111 6
683,280340 380,302080 9020,996843 2
674,760461 393,238978 9022,869361 1
660,433382 392,993851 9023,681915 6
679,923821 398,173934 9025,476804 2
678,293059 400,234721 9027,422193 7
688,332597 396,279945 9043,062558 5
678,780700 405,954476 9048,681152 1
698,529127 391,241366 9049,434191 8
679,821127 389,017639 9055,675463 5
681,603416 395,218558 9055,925654 1
680,610927 396,041087 9060,474571 8
690,927657 382,229492 9088,204538 7
687,231088 398,360868 9091,072077 8
676,358271 394,774451 9093,618111 6
687,917263 410,682656 9095,415848 8
688,067981 373,867642 9103,338231 2
673,507088 392,815645 9113,442462 7
679,950529 407,854691 9124,034322 10
687,111539 404,121790 9142,287256 4
683,632162 392,330452 9145,625513 2
717,081291 368,816047 9198,886335 9
682,372542 391,882320 9203,885209 4
679,630528 399,410991 9213,391849 7
688,900657 405,083633 9228,439174 7
672,502584 396,209249 9228,945264 4
691,250737 404,905439 9245,737259 6
687,006915 380,197984 9255,763168 4
660,474949 398,127740 9267,683667 8
702,080575 403,388436 9275,150326 2
691,265074 377,279449 9294,234419 5
650,629105 418,526729 9304,992926 8
681,117950 413,998709 9309,990779 1
672,969160 396,885118 9318,129828 1
682,182502 399,521551 9319,069164 9
678,384283 392,138964 9321,079664 10
676,374482 392,038674 9330,461344 2
660,866905 377,978942 9342,984665 10
680,874127 402,616445 9355,383011 6
680,806845 401,264802 9359,623248 8
670,542563 381,828528 9361,996104 5
657,853580 406,010048 9382,420166 5
680,183448 386,514650 9383,430020 9
682,974579 394,067854 9389,620739 10
681,352702 400,552525 9391,091374 9
674,365691 373,534737 9394,412733 7
680,979726 393,441397 9410,646965 6
680,557476 392,480914 9415,293074 6
718,457730 394,238259 9431,277052 3
676,524099 398,312017 9432,372287 7
679,350992 420,941430 9439,069971 1
683,589892 419,695359 9440,353318 5
680,368556 396,560934 9463,982343 10
680,081843 396,871835 9518,901119 1
686,013114 403,158345 9519,081307 9
697,074162 370,402573 9520,309156 10
679,491393 401,611101 9523,697498 5
678,519098 394,887841 9532,883735 1
687,834817 390,146784 9549,793249 2
692,072015 395,631379 9554,363025 4
667,792429 406,084874 9555,176780 9
684,059970 383,007774 9578,147807 10
681,377028 394,524432 9596,624689 3
679,103889 397,415027 9596,930215 10
688,210001 383,533394 9597,573649 9
695,980105 403,450228 9600,386348 2
668,467732 393,175611 9607,646323 6
679,740429 403,539431 9609,586674 4
686,424571 402,935196 9616,219873 5
691,522615 368,066745 9617,593938 5
700,969695 389,013763 9618,870749 5
681,393279 395,686937 9622,872615 3
675,009426 398,360821 9639,975369 3
678,307513 397,818220 9658,921906 3
679,755478 396,699238 9660,849330 8
682,750946 395,124771 9690,192343 3
671,825543 389,424521 9694,828654 10
683,687187 393,191282 9695,165108 5
681,008580 398,486103 9708,013418 9
698,988369 398,231795 9710,398341 9
684,631963 393,210454 9712,836598 2
685,620353 399,800221 9723,937035 9
694,629269 397,744640 9734,747360 8
687,376519 390,504100 9756,388935 3
681,454747 398,548875 9762,130168 10
679,705988 397,142119 9778,579446 7
673,621858 388,622616 9804,149300 9
681,336255 389,157775 9812,585251 5
679,915121 395,649217 9820,343518 5
681,094134 420,798652 9820,762722 1
680,642658 396,495347 9828,548326 4
693,438805 405,567401 9846,929141 7
669,175531 380,882446 9849,798985 5
695,754526 396,236822 9856,465968 1
681,736898 397,557600 9858,381946 5
688,257965 399,769283 9867,030047 1
676,345967 392,022244 9871,163776 5
684,950476 393,765461 9872,394789 10
683,636143 388,318999 9874,974996 5
702,968280 406,150302 9892,889060 7
675,937075 398,466420 9903,565077 4
686,410818 388,455947 9904,971037 7
684,799149 421,725590 9919,909161 4
682,341389 397,298806 9921,992633 3
691,677765 421,761008 9948,274823 8
683,053461 391,350470 9952,193528 7
