100 1000
584,616895 919,285780
536,374894 958,297647
572,849452 948,077105
497,927579 1006,749542
518,923455 966,301106
359,616702 104,699748
551,210106 960,978120
560,581682 998,220213
605,292570 935,466988
355,684161 71,030148
369,858266 98,663223
466,246515 926,167836
377,005104 152,618258
439,865231 78,873147
351,278308 86,668965
365,701886 62,639661
375,993391 103,362914
399,768585 97,826405
583,041337 912,821812
521,289723 1002,747752
367,109983 125,627500
522,941010 988,419367
506,679670 972,832637
320,519178 53,540106
402,870017 93,874875
536,958197 948,379880
492,391501 916,450519
342,719449 72,981880
379,153886 98,214805
593,126035 983,333521
418,974648 67,609155
376,569319 117,821008
374,244484 103,822492
523,713411 918,058700
557,083274 931,991933
594,439678 872,226221
488,796687 913,245988
367,609581 102,421159
525,961063 974,178371
518,939661 990,117001
371,150102 161,245658
372,613037 100,040361
370,587538 99,019385
484,812786 935,841298
460,396931 85,180573
538,310778 1054,503546
381,909513 153,702917
538,259983 918,804411
563,767906 966,304531
244,971695 44,702335
511,146200 977,489632
296,058934 156,758159
479,683795 942,730713
330,865857 72,150975
478,004863 953,120013
350,324030 96,123572
549,891873 951,576295
367,034866 125,486415
480,691781 964,507362
346,627946 107,583074
517,648218 949,660967
397,853902 87,439251
510,876510 959,622224
307,750783 91,346226
488,458976 991,962982
639,754269 963,602134
364,742908 108,914690
365,668112 45,417310
462,482072 986,526106
554,833384 954,186226
394,432245 96,998003
513,222324 964,976247
472,584810 934,264284
521,306707 963,594094
487,719692 971,882089
349,402141 77,619056
556,889571 993,385836
522,069702 990,472221
377,497304 107,987084
523,115032 967,042960
513,677160 979,175346
365,479557 82,117601
333,288024 125,436607
535,360622 914,592878
345,719128 146,663925
239,143688 90,807463
569,324975 912,653147
494,515189 970,226303
480,795756 937,333705
378,763061 41,012330
528,592214 981,174006
577,557269 1036,462136
396,103808 96,333629
378,447206 111,351995
519,066082 957,696295
362,528821 131,655616
376,285999 109,683719
351,347258 92,026288
356,839692 76,407115
559,300266 958,508291
356,781053 120,399144 3,398238 4
512,395268 972,488546 5,298559 5
525,030542 970,785759 6,492317 7
377,488160 183,718523 28,992321 4
530,555986 1056,159561 32,199028 9
460,524869 907,958066 74,314904 7
543,220017 970,166771 78,371943 7
365,256522 68,190111 93,097152 8
378,315075 101,178994 99,293717 1
526,599039 970,086627 100,156458 9
463,463961 928,753108 106,793188 3
581,696586 887,675066 114,043579 3
376,302516 73,590718 127,535433 4
581,645575 1059,322698 130,453690 8
377,444315 79,943469 130,972811 9
519,381810 948,267519 145,191933 3
362,799195 123,547226 166,775325 4
421,847576 63,346033 176,928888 1
377,956075 105,164836 183,085240 4
435,760116 962,119535 196,413232 9
425,270026 132,736034 203,454647 5
360,083901 115,568052 207,411715 2
515,567780 1063,038792 211,593088 3
505,404079 989,478789 212,391278 1
364,667850 108,400441 234,981155 5
356,564490 61,938301 235,763914 10
521,897736 974,248241 239,641162 4
554,487587 977,467797 253,273218 2
355,753834 73,654351 280,976134 5
382,010577 46,932040 286,544901 1
381,898015 125,361406 292,444241 10
423,708444 1005,054827 301,800634 7
392,509554 113,552744 303,419698 10
378,438119 70,595317 304,366427 6
522,293985 947,879455 315,108895 8
538,571648 962,882257 325,966969 9
328,240051 59,804360 326,374650 2
379,875615 80,209812 334,365941 7
543,992006 962,659492 340,501748 5
436,308854 925,362495 343,033011 5
532,873518 969,495590 352,559787 7
319,661698 135,299129 361,808888 10
524,734614 949,061953 391,812601 3
462,776584 958,501708 427,490935 4
370,758531 97,228786 433,901299 4
599,386483 969,744489 434,139504 9
478,443536 972,414607 449,961000 3
327,868250 55,174219 451,102585 7
371,414065 97,260205 455,717436 6
396,229805 71,631061 465,311042 6
494,191983 912,227057 467,940515 10
519,931269 1005,072593 484,771678 2
380,407986 105,291308 486,316474 9
530,223949 971,508573 502,638437 8
540,841296 1028,945586 547,006632 9
345,796559 81,586784 552,137090 6
520,188219 946,386472 558,093361 5
369,231861 105,475965 577,100200 4
515,356759 943,509989 590,673494 7
365,869928 117,442810 594,296780 10
353,021625 150,368405 601,365969 9
522,151281 929,830933 607,407819 5
536,903763 969,418744 616,526667 10
392,088696 136,198878 616,877685 3
545,950918 1019,869210 636,489627 5
425,965005 251,462887 647,114508 8
576,557216 961,119792 656,072809 7
525,002366 1002,446446 658,683879 1
581,309739 986,785654 699,103210 2
502,964570 955,621681 701,567603 4
492,465442 962,951384 710,076833 8
388,869547 86,965494 712,974891 2
416,270869 136,359036 734,254149 5
364,766653 81,683442 737,457936 1
582,338773 887,317789 738,931442 9
526,709554 992,875486 741,074507 6
536,753134 951,502594 742,215615 7
372,813701 161,561441 746,342755 2
501,743320 989,198909 747,835733 1
581,458402 916,769598 759,365732 2
411,266059 85,306078 771,850600 4
334,935491 87,653985 783,745241 9
552,625724 771,787640 786,252438 4
305,720075 63,536164 794,133579 6
515,381120 949,806738 799,793099 5
519,299533 952,154202 805,753003 10
453,738015 955,389027 815,870918 6
336,506276 106,125001 821,778026 2
413,751533 80,789969 830,588044 1
492,718747 956,525469 857,394691 9
383,214737 94,830178 861,460591 6
561,407368 1038,783179 875,945346 8
550,714754 1068,489060 876,435900 3
452,765577 101,048718 882,399923 2
378,263889 103,658587 884,924352 9
435,868977 156,204509 902,917094 4
412,745855 61,448731 916,701575 7
524,656272 971,744544 923,775948 6
372,880879 110,859541 927,767233 6
525,627675 970,909040 932,649515 10
365,129064 49,253603 949,063725 7
372,026040 90,950222 957,307602 10
518,897253 1010,230992 963,065899 10
525,180802 970,662315 968,389099 6
465,029781 995,939609 973,237662 10
617,770319 994,483233 981,243824 1
497,043028 969,236108 995,758790 10
561,669452 942,594256 1004,609539 3
452,404575 1016,149317 1006,130440 6
525,850681 976,179929 1011,785867 10
592,598439 997,073482 1019,046808 1
419,548780 108,469046 1023,413789 9
525,729201 972,288296 1032,077137 3
520,694909 976,179727 1036,303680 6
381,231869 37,694686 1041,068188 5
355,862196 112,749637 1041,189932 4
455,367364 155,831297 1043,966034 7
374,211318 109,046572 1056,304897 7
341,907370 97,428791 1057,312482 6
363,832405 95,789790 1067,675473 4
370,122697 59,035936 1068,866636 10
436,771810 137,226303 1088,376941 10
520,997310 955,028119 1111,927058 2
530,125893 927,607043 1119,373499 3
516,962875 961,807019 1119,729106 9
373,230227 105,767493 1123,041811 5
541,349550 962,001008 1127,556358 2
578,270974 972,784019 1133,330318 4
361,397023 104,592446 1135,898940 7
536,816869 1030,585266 1154,208078 8
543,913265 990,495299 1162,378281 3
544,297745 982,090718 1167,668357 4
421,526816 87,126260 1180,168154 5
348,926022 22,173650 1193,887475 1
331,452054 116,912520 1199,869269 4
550,044363 981,421870 1211,312432 9
394,730006 135,731517 1216,787870 6
489,023197 994,461550 1222,916319 5
480,416979 1018,213112 1251,144443 6
372,349205 121,196006 1256,798575 8
515,560022 955,751003 1288,265058 6
502,580077 970,196792 1288,306849 4
502,386491 1009,127617 1306,369419 2
517,822892 969,097899 1308,239068 6
534,256582 900,400833 1328,232432 8
548,025074 962,625240 1336,392610 1
514,737538 969,506214 1338,156194 3
537,118125 986,212246 1338,669983 6
379,363343 107,537346 1355,559221 8
522,581164 929,243634 1355,783879 4
541,891427 1018,277764 1358,481400 7
512,979506 1028,940745 1362,269111 1
399,026037 156,124700 1362,406940 6
363,519878 88,290235 1362,460366 4
539,951671 957,144950 1362,830122 3
380,536480 93,579428 1365,365960 6
346,764039 86,369455 1385,032325 1
420,251772 126,153825 1391,604744 10
366,090823 119,027457 1394,900778 9
513,965820 973,070781 1398,631722 5
372,985932 108,593357 1417,390605 9
533,630356 947,845560 1422,594105 10
329,917987 43,879388 1423,193077 8
554,533116 981,286874 1434,359120 4
535,368827 977,286980 1436,120342 3
346,083485 124,570916 1446,730085 1
398,374006 71,951338 1476,375800 2
571,079126 927,107394 1480,988222 9
389,931263 116,018276 1482,246267 7
530,561132 990,646990 1483,244068 7
298,007445 150,859898 1484,875355 7
519,066671 978,735334 1487,734309 7
370,292650 169,930656 1503,222637 2
469,400615 924,558955 1513,715772 6
353,594725 107,323715 1521,327933 6
462,962344 1024,442509 1526,530661 5
498,483811 927,442377 1528,015518 4
356,552330 94,862153 1539,609616 2
538,592944 975,174948 1544,815107 7
545,793575 999,183891 1550,580089 8
393,772110 173,760284 1559,049512 2
373,039653 73,364584 1578,233276 7
507,092428 1054,997943 1586,961425 3
506,572992 964,073202 1614,571975 5
517,505099 990,934041 1614,741960 10
365,195211 105,602587 1628,008229 7
400,105522 114,192964 1628,875480 9
351,993208 86,031589 1641,981228 4
397,136780 93,247692 1682,123196 5
549,724778 972,812959 1686,857651 4
380,346647 69,909358 1687,756312 7
372,151599 85,029647 1689,851627 1
366,556154 94,394751 1691,060522 9
391,468950 52,712124 1722,312092 6
366,539648 96,119365 1726,911014 4
366,672711 106,963355 1739,441041 3
372,469016 127,460878 1757,936282 7
305,375444 37,532352 1759,816883 2
506,941144 965,489532 1792,988550 4
343,359028 28,670428 1805,335595 1
496,417989 1003,844989 1828,282267 2
503,836488 990,219026 1851,246068 5
333,757296 106,412362 1886,845906 8
344,586027 115,047912 1888,009132 6
384,053798 36,947637 1892,069087 9
522,894788 923,062295 1906,062224 7
253,576952 105,747446 1922,807098 4
531,212934 1002,435310 1949,613355 4
412,576551 69,310820 1954,788224 8
555,921035 985,845306 1984,579749 8
352,803559 109,305212 1986,566525 7
380,114418 146,883548 1992,901265 3
367,164916 95,461540 2010,975342 3
538,523890 1000,742343 2012,752414 9
547,224191 951,279355 2025,717301 10
486,971397 964,480474 2026,954922 7
402,324238 164,355479 2029,406380 6
353,567237 155,312467 2031,197143 9
407,076843 69,801111 2044,180735 3
566,321092 1016,447604 2059,205956 3
380,343820 96,480741 2074,499422 3
521,063555 970,066956 2075,842884 3
531,163627 971,432778 2097,825813 8
344,983965 55,611409 2099,444405 10
361,684368 101,513396 2100,270339 5
339,369954 78,604856 2134,689840 5
361,452341 123,675933 2145,058379 10
351,961084 123,688416 2154,090962 10
554,415478 974,455232 2157,227470 10
498,477203 955,127542 2188,739355 10
439,645385 102,760108 2197,352633 5
517,141706 956,622184 2205,470204 6
329,991040 62,822784 2240,021073 10
378,014983 79,185972 2241,745879 3
365,228426 151,915687 2258,015645 6
536,980660 946,404184 2274,013051 2
519,892302 1007,921471 2279,709262 10
394,670417 183,414206 2295,084890 3
372,296950 59,082199 2301,523992 8
544,233220 1049,553759 2314,720737 6
545,657724 967,010540 2344,687934 1
573,705649 976,245449 2346,708005 9
520,875969 958,522361 2372,152016 10
554,856614 979,340326 2372,812218 3
513,796912 944,731999 2393,632580 6
374,576711 100,523706 2422,275040 2
377,244183 100,811136 2429,948146 2
350,231776 127,254634 2443,362754 3
372,649779 112,594748 2463,036309 7
354,848455 77,175777 2465,924372 3
544,480708 992,761402 2468,901833 1
529,473247 969,671781 2478,510928 6
559,342829 957,615646 2481,149485 4
380,358284 121,546217 2490,963659 1
372,651463 102,759058 2491,675090 8
409,354789 95,870843 2517,951494 1
524,548788 972,105519 2526,378465 5
284,339765 70,061509 2531,993867 8
586,648722 1047,569838 2541,535190 3
342,872796 87,507776 2545,764292 4
538,905930 1018,790471 2549,907639 8
553,224959 1028,594104 2564,937094 7
551,975341 930,154687 2571,406119 2
479,968028 926,747794 2577,241395 8
349,377032 131,853489 2606,674568 1
389,749979 120,162553 2606,751034 6
525,383313 978,539651 2612,450186 6
466,878707 971,053770 2624,325516 7
580,418437 1032,455810 2635,902054 6
525,628834 970,209980 2657,864224 10
309,744245 143,970704 2676,249327 8
341,210632 150,166489 2677,351943 4
396,290584 34,257331 2686,831818 9
398,934400 88,072276 2694,576567 10
384,871291 106,427394 2695,065296 7
422,382264 52,187626 2696,930423 3
622,673565 947,474781 2705,181258 4
524,528619 971,199009 2710,204151 1
371,818515 108,406975 2760,991831 8
517,891371 957,270970 2771,055511 4
556,080002 957,128615 2791,682042 5
456,912673 967,298068 2801,253094 2
348,387522 145,022219 2815,532146 3
380,235192 96,347919 2876,083193 4
505,547047 981,832834 2876,921888 2
340,210978 96,409448 2878,580377 5
359,984061 113,233315 2910,081716 4
364,382671 140,436637 2915,123784 3
420,645288 151,105048 2917,559509 4
595,906171 962,896379 2931,765994 9
356,907480 72,972911 2932,998800 9
556,932893 991,752992 2947,087839 10
370,502948 94,924895 2949,839533 9
375,734573 101,365619 2951,127819 2
437,216631 80,183281 2952,538462 10
414,755483 73,383623 2953,387676 5
415,772451 1018,460312 2954,809758 9
504,865034 940,619618 2957,067660 6
357,321261 100,066158 2958,417648 4
554,290283 944,648738 2970,418482 4
328,782578 31,832794 2993,694417 9
546,796208 999,213453 3006,693571 5
342,119153 43,884073 3012,264194 8
426,156958 84,188182 3024,225802 1
534,552467 950,004504 3036,802010 8
405,453693 187,713577 3039,392899 5
323,786096 99,782307 3041,076845 5
390,478359 69,544101 3074,569432 3
458,700975 928,906347 3090,240510 10
583,324260 1079,643626 3095,162756 6
519,331272 1005,437914 3114,855131 1
357,254339 129,205810 3123,573437 9
391,354622 103,143681 3126,604440 5
506,347882 951,703743 3134,268793 8
352,866193 95,234032 3140,144784 1
536,010754 950,133025 3140,740165 4
598,167873 948,561509 3148,825715 9
543,681883 1035,264502 3150,503086 6
502,328718 964,293086 3169,765399 1
532,759583 961,636054 3169,846282 5
423,448031 86,353147 3177,078274 5
544,170205 996,533699 3177,127077 4
417,413788 137,344353 3180,388121 9
528,568634 916,032221 3191,807271 5
379,563866 116,651689 3200,538577 3
395,685115 162,059365 3212,305128 1
389,864764 90,817474 3218,785990 10
378,474736 108,449424 3223,954081 7
544,241340 989,682280 3225,850743 8
481,979333 965,503323 3231,904772 1
459,722403 954,176849 3240,638296 5
365,141224 103,657294 3247,236494 5
517,721666 941,646387 3254,045813 9
391,245769 136,341980 3265,509329 8
544,492589 985,353587 3272,587677 7
409,269912 112,938016 3280,439493 10
396,037496 115,773878 3293,222919 1
454,572794 978,028139 3296,045655 10
385,460973 102,859998 3297,811989 2
390,205966 82,496838 3302,535980 2
354,891575 117,731651 3305,314914 3
539,268463 1015,761196 3314,314954 4
593,753290 973,287135 3340,318585 10
542,230080 967,398989 3346,946548 6
529,245245 1027,072967 3373,320239 8
396,584865 73,455374 3383,481327 8
556,731302 924,138651 3390,765748 4
385,177442 79,225443 3395,449610 9
341,976808 83,117314 3398,432940 5
355,680976 142,071046 3410,395619 6
542,380246 980,455739 3413,523420 8
372,585871 101,919088 3443,256865 10
369,195321 91,903962 3458,942476 8
324,195641 6,570736 3459,778278 9
312,846915 85,217983 3477,695004 4
558,584333 911,014989 3486,168798 8
519,899421 976,177677 3488,656417 8
570,874547 1040,749409 3489,429980 3
355,582912 73,227833 3493,316535 7
507,036509 926,810966 3495,897515 5
481,295821 979,232055 3501,167737 9
498,275313 987,643653 3502,682830 7
517,700070 984,043061 3509,375553 1
337,727808 65,167454 3515,489403 7
551,320122 1009,252935 3521,475199 5
525,215737 970,717091 3531,236140 10
377,827273 48,455827 3536,625482 6
353,460542 55,837270 3564,140896 6
375,516334 104,984672 3586,330270 10
363,541404 89,561814 3619,609424 4
364,560931 173,071223 3656,967479 5
364,022734 114,922144 3666,080991 1
403,899039 144,510729 3678,881418 2
369,520684 93,648434 3682,289834 1
403,951628 81,475978 3690,118161 2
606,987306 959,052193 3699,146374 4
353,762642 136,083675 3702,155102 6
409,253884 24,718359 3705,582269 5
346,918089 150,297837 3707,033772 3
526,432558 965,498708 3720,612637 7
530,264912 969,705833 3733,912765 5
341,041017 91,078502 3740,750239 5
517,924055 961,232547 3743,703462 9
351,590629 75,452427 3753,436638 10
424,783745 63,279721 3756,907377 2
346,880660 123,874414 3766,588939 3
302,828742 116,029929 3777,530946 4
621,776486 999,717822 3789,891411 4
330,955507 90,797679 3791,226019 8
362,872759 114,774482 3801,134338 2
518,241502 1007,380562 3809,998416 8
576,217166 1001,380262 3836,476501 7
496,500871 983,496129 3868,263100 4
510,582664 1063,355036 3923,825103 7
396,641558 134,048082 3930,047646 7
424,524054 106,384134 3938,519951 2
524,540632 924,193803 3947,152015 3
392,011172 123,578983 3971,710274 8
327,609970 111,630626 3983,477111 8
371,417677 83,304137 4024,957405 9
435,845902 982,518017 4026,144742 5
505,194599 978,235053 4027,737404 1
535,569029 973,145454 4034,533694 1
372,440130 24,209250 4035,149830 6
484,085700 1005,536375 4035,802647 2
530,195728 973,544509 4036,623058 6
394,563273 79,395754 4054,103797 9
342,395807 109,059381 4058,823225 10
576,054194 1001,733681 4060,208417 7
386,136951 129,586954 4060,595865 1
397,402444 95,294578 4064,698856 3
514,542261 983,068249 4068,047392 3
542,418302 953,817605 4068,806597 10
378,283933 57,758864 4094,616354 10
516,604721 983,169423 4096,742794 8
531,406650 964,015429 4097,385626 10
347,500774 134,751321 4101,786967 4
350,419925 90,881786 4102,107257 5
505,252310 932,426301 4104,695332 10
364,559250 80,082270 4124,985434 6
328,036453 94,936861 4143,091050 2
315,551466 121,690000 4158,323730 6
389,730547 136,721165 4162,781119 9
365,344100 129,655173 4166,554721 10
376,756324 125,491744 4170,441247 7
518,541609 952,693512 4189,412910 7
543,281426 1031,104479 4194,888008 2
459,775376 195,217498 4198,546989 4
525,025759 969,002735 4203,928418 10
367,741082 93,350852 4211,397576 6
576,781980 964,902839 4215,929986 9
421,623614 154,493669 4225,195694 1
551,698546 938,306369 4246,331944 4
349,308928 97,928061 4252,506688 7
473,794427 991,362157 4265,553136 8
501,640330 909,644715 4273,235433 4
411,345068 64,518222 4282,361611 2
374,943396 61,245031 4296,281826 3
407,629179 46,700962 4302,777749 7
538,632803 937,168382 4315,753466 9
464,461116 139,514619 4345,269932 3
354,817613 113,673515 4375,037445 8
516,053592 942,023101 4379,555532 4
531,318427 966,178915 4379,922122 5
351,637829 89,735121 4402,323689 3
371,458072 121,054485 4412,256536 5
505,221401 962,421212 4415,748681 5
545,059944 894,594069 4421,226917 6
552,750784 1013,917068 4431,865184 6
576,329765 961,807783 4442,410095 7
398,958425 99,438331 4443,729234 10
469,148323 1024,173432 4464,767393 7
528,783017 952,315106 4474,393064 10
421,121506 -53,927691 4495,578097 7
493,241689 1057,759358 4509,416567 4
514,483668 959,479796 4527,008190 8
524,663005 943,114479 4528,101387 1
550,228295 1008,867425 4532,112114 6
422,450777 115,458459 4549,768914 8
456,217681 91,060079 4555,548297 6
524,418320 962,092182 4567,223159 1
406,433306 104,627170 4593,875218 6
393,509962 114,524003 4613,739812 8
515,898522 945,492093 4618,138796 10
416,566552 53,328761 4625,670399 1
386,642446 117,653844 4627,542873 2
368,794796 90,712906 4628,724182 4
530,163348 967,705953 4645,219498 10
497,979522 1008,685035 4649,252792 3
381,280595 137,718538 4655,796166 3
526,481796 983,273627 4657,373975 7
499,086014 943,996473 4660,139544 2
498,959349 978,905327 4678,158885 4
540,628079 1002,813684 4702,216116 4
293,323833 112,953757 4734,098681 2
548,891585 962,461019 4742,124965 5
517,922674 974,310610 4744,340121 4
373,355646 103,652869 4755,803340 9
378,081936 93,169073 4768,015129 10
583,190351 960,913118 4801,207952 1
506,238404 945,370705 4801,621151 5
583,021907 1043,006707 4803,850157 8
522,019303 969,332220 4809,394392 2
367,925136 120,995955 4826,459633 5
375,418142 142,054160 4835,258221 5
535,549916 970,221747 4866,974048 5
381,922475 77,507334 4869,866426 1
375,181464 102,465008 4871,071595 9
470,612439 1003,888012 4872,023539 6
479,135177 999,708387 4878,608192 2
482,823971 975,596346 4884,313487 4
392,034735 118,146031 4885,793527 7
517,093969 983,835313 4905,146436 6
430,917602 111,854423 4910,532766 8
409,084521 58,695836 4924,455078 10
412,890913 165,098208 4940,622440 4
383,461281 101,053642 4950,683815 8
490,463978 974,849692 4994,469768 10
373,979256 102,689360 4996,084528 2
470,358059 977,370877 4997,053154 2
498,210950 1002,841442 4999,289091 9
369,203448 103,988351 5000,626722 2
367,779707 158,682724 5005,112730 1
293,333465 137,919408 5017,963343 6
511,814191 930,505177 5023,588924 9
551,149871 956,999076 5040,950391 2
504,430614 961,007217 5046,349619 8
515,879222 977,718004 5081,318333 4
393,743294 100,970359 5089,162865 7
508,531531 955,008139 5097,729201 9
487,304254 1022,512228 5125,038237 5
389,793339 113,732631 5132,409175 8
490,969215 998,136692 5149,202628 3
305,311217 67,184355 5169,909389 9
413,515685 144,324920 5202,248447 2
614,773126 914,350287 5203,348707 4
373,734917 78,380467 5205,689167 2
386,199034 113,795404 5228,384371 4
463,140169 917,720714 5229,772399 1
285,017701 103,027787 5259,182336 1
593,784516 1029,139240 5268,318607 10
358,584554 61,861945 5273,113406 5
491,017569 977,091049 5292,746009 1
520,997691 1053,600989 5294,371176 3
499,490285 984,426807 5300,663085 2
307,167696 75,317690 5305,572872 1
382,397092 83,270274 5308,017748 5
366,715421 93,304103 5321,214051 1
540,315600 1009,558773 5321,749781 2
373,105737 103,602645 5355,354301 1
373,737963 103,622045 5361,755121 5
534,031630 1000,681235 5393,371008 6
390,707112 88,641220 5398,401435 7
543,209341 916,125165 5443,072132 9
380,371871 86,259716 5488,637652 6
379,883434 100,744550 5490,065207 6
570,897870 960,878086 5508,815101 1
524,173310 964,838541 5510,065438 3
354,420335 108,064918 5512,025006 6
366,547632 106,965768 5532,194415 10
374,911230 109,083241 5534,014642 1
545,754687 994,486208 5534,148414 8
376,581518 109,156683 5542,219459 3
502,780739 982,689621 5547,923510 5
514,128799 920,826516 5553,300474 1
524,294182 945,665152 5584,586019 8
395,617350 63,204270 5586,297952 10
395,106077 114,524344 5622,129457 1
432,219513 73,300021 5626,215894 4
540,415749 942,929540 5626,895584 8
497,657148 959,802405 5629,240711 7
407,322620 95,925967 5634,515882 5
377,937481 68,137189 5641,440210 5
388,237810 139,504713 5647,972645 7
406,741126 103,608522 5650,178791 8
401,526190 77,480247 5668,269643 2
465,483886 863,529636 5668,671179 10
333,637101 58,982022 5670,618604 5
383,576734 77,712871 5674,572022 2
494,020788 130,394708 5688,278319 3
542,036144 980,514224 5692,305690 7
442,788070 82,559660 5699,070503 2
364,022775 119,859410 5700,309977 2
354,562407 116,304095 5721,358933 7
563,599683 1044,553515 5727,699524 7
362,263599 104,817411 5730,049824 2
340,389144 25,057079 5731,637927 5
515,147805 1006,639326 5733,166169 6
521,156613 967,396574 5736,570300 9
375,658609 106,971345 5753,695283 4
356,869885 139,394158 5753,749672 7
361,052079 98,696799 5779,679670 2
402,150934 106,588563 5787,734289 10
489,703998 975,750491 5796,188136 4
638,334194 1045,695070 5813,229828 3
498,927411 975,136139 5818,560309 4
628,280602 881,933468 5828,897207 6
534,291573 987,131113 5861,011621 7
564,582415 889,842164 5867,413787 9
354,940838 138,627500 5894,673055 8
389,798190 118,556772 5905,194072 3
524,955141 968,924757 5930,638021 1
363,319942 109,954693 5930,737568 10
495,206859 955,687994 5930,990058 10
368,838814 94,090910 5932,500088 5
469,973434 1052,674054 5933,592189 1
319,778676 97,679770 5941,107627 5
340,458503 76,635596 5976,848695 5
488,281565 992,375035 6001,691409 10
374,018998 132,462575 6009,447597 5
387,736652 135,434864 6044,931105 7
343,574038 92,958519 6073,307041 10
523,222226 974,112082 6075,402439 5
485,743857 938,668206 6076,847639 9
503,722267 997,993501 6077,213523 5
344,461641 77,391455 6077,756752 5
517,888189 973,900966 6078,996074 9
375,999643 112,245187 6084,044011 4
352,174191 97,393783 6089,704878 3
515,435175 927,717821 6111,281227 4
413,406193 118,045555 6112,905857 7
355,128258 183,628783 6131,422715 8
401,661302 111,608328 6135,653030 2
338,882886 100,563129 6138,959756 8
515,208501 1037,391557 6144,543060 4
381,828974 123,859509 6149,232183 9
364,051841 100,407733 6162,680159 5
354,359590 122,835165 6166,695336 8
501,799424 980,328389 6184,530216 5
464,741772 937,279594 6192,134606 3
535,608417 993,145575 6193,900359 4
339,276089 23,352386 6225,077101 4
376,322403 117,295902 6263,675358 5
523,252180 1034,676602 6269,590683 9
435,956484 143,708739 6273,007991 5
441,006365 912,837194 6274,224849 9
569,153971 979,070432 6274,492866 9
464,148959 925,625172 6277,461908 6
383,245989 75,843606 6279,429546 4
475,483193 914,882553 6285,381959 7
567,367550 997,472624 6295,788911 2
473,194792 953,963791 6303,235760 8
342,054663 89,678588 6326,172026 2
320,877838 162,435493 6329,734276 2
544,865328 931,234413 6344,084360 3
545,210778 935,659880 6352,586530 1
515,193134 1003,458480 6377,055371 5
526,100610 968,609532 6379,698977 7
388,737247 137,926443 6382,486825 4
527,750272 978,627350 6398,655134 6
382,381137 85,290946 6403,090840 8
525,559338 977,685148 6416,820206 1
515,311933 988,676563 6419,565901 6
539,875921 1006,167804 6420,007195 5
309,518382 176,112995 6432,236600 9
364,176180 71,751905 6433,497614 2
508,588168 934,369194 6444,238358 5
538,519462 943,064452 6448,035536 5
595,033771 1018,697009 6455,036783 4
494,561015 924,462291 6467,726523 5
379,355759 106,609460 6478,550610 4
373,809633 101,970138 6487,628416 6
524,467945 995,615151 6498,672500 2
527,085720 987,032303 6526,606985 8
525,981378 988,576726 6537,198403 8
520,688139 918,993044 6540,862971 1
521,392154 963,978109 6558,971547 4
360,485243 269,745579 6586,109742 2
389,034920 89,448536 6591,862270 1
510,208098 1002,342996 6592,041441 10
521,383822 987,233043 6592,870770 2
533,757338 952,906150 6608,933133 7
375,425105 107,850621 6655,094268 6
369,540834 100,173582 6664,393190 5
525,707562 971,668722 6686,563913 1
530,227271 971,692021 6731,726346 4
522,593238 1003,012095 6744,199366 7
514,943629 969,854317 6764,248772 9
297,068119 138,155601 6767,056812 5
526,411960 992,235323 6783,276852 9
529,652307 970,982349 6784,085230 9
358,100843 109,041186 6784,863066 8
528,655166 951,525141 6800,583735 3
362,172624 108,251183 6803,807223 10
518,748930 1009,514667 6812,614619 10
404,111988 105,604000 6816,022964 9
371,524709 113,106039 6820,186107 8
368,352938 91,729113 6826,800944 1
520,848000 973,026738 6834,738601 8
540,528154 962,540713 6839,715402 4
352,683832 82,935077 6840,817022 8
337,369087 89,323914 6864,330542 2
526,817739 990,596616 6867,301713 6
378,386676 109,407982 6883,855746 6
398,886064 52,948355 6888,696534 3
348,983453 91,873767 6888,881736 7
505,013145 972,325333 6904,834803 7
483,168423 983,775982 6910,853417 9
522,839268 983,657949 6910,907676 7
470,789333 959,919186 6920,650443 1
366,832439 186,002515 6947,112660 2
524,632985 994,716335 6956,118665 4
388,718805 116,937955 6963,116337 4
459,715620 913,997336 6965,536447 7
383,330917 90,476485 6967,715718 4
580,875294 1029,825389 6995,451921 2
395,595680 121,129932 6996,432510 8
416,318297 100,513665 6998,819350 1
382,918785 81,650131 7000,167526 1
351,132805 78,321610 7019,442511 2
450,025864 57,726884 7020,128474 9
336,927732 111,266946 7022,421553 2
373,514379 93,298468 7031,223216 8
339,100151 177,522555 7035,063427 5
382,101061 161,917724 7037,012500 10
542,459780 1024,734924 7053,748350 5
387,863729 105,112710 7060,351331 9
488,281291 967,028989 7070,890013 3
418,497016 100,940797 7080,164561 4
546,067945 1018,273438 7081,042412 2
394,732242 79,553013 7096,712754 1
509,506673 930,139332 7098,211981 8
483,703855 980,006586 7101,313079 3
289,794178 110,007625 7113,277758 6
328,118681 96,683681 7118,794047 10
603,018938 971,444475 7122,734179 4
557,253988 944,418279 7130,231456 4
516,829006 1000,204544 7135,667960 9
381,832980 123,771748 7148,404177 4
377,378854 104,693598 7148,657948 8
551,326063 962,821098 7149,554706 4
374,980400 99,746631 7157,729665 8
353,903370 115,084428 7178,045123 6
328,156804 157,100070 7209,913831 8
420,339138 114,274077 7215,635157 3
370,582786 79,678131 7216,081589 4
398,366357 143,616924 7221,038911 5
518,219117 965,384311 7228,318793 3
494,508797 942,189189 7232,160925 6
555,195791 1020,939887 7232,668182 2
533,095638 927,844639 7235,312138 4
584,870132 928,990815 7241,974744 8
471,338205 906,247296 7252,410441 3
611,919863 980,028282 7261,861011 5
480,632092 952,552683 7262,564998 3
531,856133 947,985064 7270,624257 9
352,103877 157,130620 7284,628845 2
390,055277 117,668730 7304,988805 5
521,903889 971,502815 7305,757288 2
452,330723 152,408784 7364,866836 9
489,795593 946,841436 7383,914891 9
552,657793 1018,863059 7386,685407 6
357,543028 80,516974 7393,559510 1
377,090744 156,440571 7395,753769 6
415,790111 113,988091 7403,787191 3
494,370021 1010,439104 7404,240278 2
475,257285 967,167081 7405,274071 4
373,695463 101,962463 7415,602558 1
525,297190 953,629640 7423,590765 6
348,325092 125,850385 7432,461166 5
356,520955 112,197373 7438,595584 1
349,335858 98,263901 7479,963588 7
347,769027 114,647746 7510,348693 1
367,824720 135,263205 7519,207738 2
389,165606 147,314931 7562,081667 6
423,588890 129,078746 7566,395704 5
526,762253 973,239994 7569,579354 4
564,549294 919,774179 7591,519291 10
372,987503 107,630228 7593,153218 7
526,482545 929,644799 7603,453508 1
517,861523 953,490538 7616,313766 8
497,710493 946,344660 7623,252976 2
577,406553 933,381511 7627,696038 9
531,049975 963,881671 7628,794168 7
524,440166 973,416734 7643,756417 7
476,619760 962,780014 7655,038237 2
519,768059 985,160114 7677,074893 7
527,000864 968,093645 7700,886179 5
539,090744 964,140304 7710,720771 6
517,568505 942,657995 7726,448723 6
436,155473 972,438879 7728,575233 5
525,348447 970,745238 7753,825137 5
527,961475 973,251450 7768,551147 9
302,364878 178,636140 7789,982295 6
363,362152 144,587858 7800,155509 10
454,002869 995,488688 7806,723582 8
527,060657 979,953095 7808,308384 7
518,829900 974,725692 7824,630400 5
307,139370 125,532997 7825,125434 9
485,894798 1010,340123 7829,836301 4
380,060940 125,790234 7832,408301 1
527,545929 971,504754 7841,859746 1
386,246741 103,812380 7843,052097 3
462,541014 974,169398 7858,385710 2
406,278216 95,021312 7908,564494 9
348,313728 159,525233 7920,334592 2
573,085900 985,477095 7932,912497 6
506,975126 972,331811 7935,613871 6
371,510201 89,797291 7962,233038 3
355,932813 104,401663 7971,157902 4
519,170779 977,326443 7976,910747 4
540,882384 959,448187 7981,001580 1
548,089924 958,328343 7982,562926 8
389,178105 198,156322 7985,916718 1
447,439595 950,991254 7986,202485 3
488,632601 142,910331 7993,587157 2
357,453760 108,974122 7997,098296 8
497,186987 989,866937 8007,088756 10
622,415040 887,464580 8010,390381 2
491,239486 1007,219522 8014,706062 8
363,072089 101,182291 8025,273151 9
484,742340 969,617319 8029,326885 1
370,145624 106,076196 8032,460196 7
383,420187 85,431106 8040,141722 10
329,683715 114,212226 8053,032588 2
528,254132 969,802642 8054,156836 7
545,000282 966,889458 8059,862002 1
314,659774 107,943950 8064,834644 10
455,690544 68,087766 8068,393139 5
528,586035 966,859874 8075,923159 1
379,187937 103,014077 8084,649682 5
380,003404 65,349988 8105,254391 6
567,333047 1002,852760 8106,879410 7
374,606659 104,043802 8114,000162 4
574,155005 955,484172 8124,849456 9
398,442082 138,842491 8142,895353 7
534,299487 938,440157 8143,655319 10
523,616553 970,403419 8144,459839 1
346,295397 79,598855 8145,183803 9
405,742856 67,113087 8147,742229 8
339,775199 114,114396 8148,351990 5
261,621369 67,826148 8150,138950 7
397,334263 111,443735 8155,810230 7
538,332324 964,932980 8155,979022 1
324,805737 91,608395 8178,062846 3
384,610635 12,507350 8187,542473 1
348,990295 121,603932 8195,970922 7
379,823196 109,900326 8203,979234 5
388,393856 105,512121 8217,172383 7
361,989244 84,410188 8217,902078 10
372,289819 104,482733 8219,314814 5
535,221664 972,366789 8231,068648 3
384,154418 79,859487 8232,256048 9
359,247157 74,364286 8240,191619 2
364,950497 106,310110 8247,389159 6
516,745692 961,517151 8263,873452 9
371,096542 137,610449 8278,237870 6
343,141817 63,449785 8287,587287 9
518,257090 968,951864 8324,569695 8
533,768653 1020,628994 8327,456245 3
550,197679 961,459222 8333,902448 2
525,397248 981,669305 8362,087253 6
386,775414 114,632152 8365,956911 3
379,520629 60,528021 8375,934844 10
558,129473 1030,233578 8376,502312 2
386,633580 116,771751 8377,322191 9
542,238001 1036,486778 8405,683808 5
501,487306 966,711040 8421,922762 7
289,318190 45,403213 8431,357843 7
508,270849 900,971660 8433,838542 2
397,389216 183,294904 8440,502327 8
518,793274 957,963190 8445,425321 8
383,957728 103,440010 8454,397727 3
503,694692 995,162430 8461,514105 7
523,164174 987,253720 8470,582051 8
430,346331 140,719230 8483,925241 4
394,640380 127,348593 8486,978907 4
397,851398 108,415645 8510,208654 9
578,375710 1028,356833 8516,357611 8
544,762333 989,350001 8521,539633 5
381,499644 112,687651 8526,329975 10
395,745164 113,042464 8556,775139 4
447,296917 105,993972 8562,303043 7
526,554909 971,006803 8575,177223 4
494,026556 924,331382 8576,366470 4
524,987188 998,474086 8597,322590 4
610,121252 1056,814855 8614,793578 1
600,917469 941,849600 8649,189427 3
552,103652 984,598739 8652,996762 2
365,916268 104,982986 8668,216018 6
462,567007 1011,128179 8668,360835 1
369,201621 136,128180 8670,246594 9
329,037769 65,360553 8673,677128 1
371,135531 72,072682 8687,052739 10
364,285179 45,408331 8711,155133 1
390,236108 124,155232 8713,309273 4
536,134371 975,175357 8729,599476 1
598,776727 967,408107 8732,370814 8
401,734060 104,217739 8743,806200 1
517,813654 972,786761 8744,375580 4
603,969607 979,963628 8754,176658 5
511,395615 1043,173652 8754,505726 3
481,066531 1011,855897 8792,798039 10
378,053511 79,665590 8813,520124 6
409,940496 111,509012 8816,443853 5
370,021621 102,591460 8823,719421 4
385,138944 108,194312 8827,929250 6
458,876505 960,002412 8833,656362 5
502,042465 940,732332 8835,333051 1
370,954913 93,906935 8836,849717 10
522,185368 923,717926 8845,043701 2
381,241121 97,439902 8847,840447 7
379,322189 40,871256 8856,692106 6
525,729653 967,096652 8862,506610 6
545,765768 963,341702 8871,875609 2
381,750319 113,486306 8878,985851 10
392,765285 51,660419 8887,178666 1
520,633531 968,293748 8888,397409 6
543,633352 959,269453 8896,184474 5
377,419125 99,795687 8901,942352 6
354,838197 138,432981 8906,281117 3
370,993697 110,998754 8921,326756 9
314,629084 55,584688 8923,794066 9
528,948143 968,612424 8938,183250 9
577,892670 1047,812206 8946,644712 3
424,225424 65,448834 8968,487075 2
315,630810 76,064679 8980,534436 6
551,704534 981,779665 8998,359573 5
375,098480 162,253587 9005,986922 4
377,130123 103,871186 9015,381485 7
477,088645 1012,000793 9092,624499 5
432,567274 100,565566 9097,876881 8
391,953496 82,076584 9101,787930 4
376,854253 105,696787 9112,182633 2
569,879701 967,982644 9115,653573 9
331,966697 92,842490 9122,097709 8
385,074987 74,389131 9131,947242 9
370,601451 66,812350 9154,505444 10
597,560167 992,108857 9163,029600 3
443,923665 86,651953 9176,141081 10
372,766985 99,428011 9176,375479 6
485,985041 965,433358 9181,505927 10
422,065469 110,974532 9210,597105 4
522,227446 910,673801 9220,428613 3
565,445907 1001,476565 9256,628301 9
505,908821 952,891545 9259,501929 4
526,152972 971,092478 9267,857122 6
387,631870 124,497914 9269,656262 6
530,182848 941,744555 9278,506096 3
349,345042 72,073953 9279,699694 7
531,027662 945,190593 9285,467916 9
530,096076 979,421499 9291,609574 2
497,580185 942,841167 9306,198710 7
554,033242 1001,327314 9311,920845 7
357,521803 122,429749 9312,253617 7
309,219113 106,605051 9333,187039 1
566,271936 998,200834 9338,097119 7
442,662417 147,441043 9338,706985 2
534,082910 960,570389 9353,642406 1
385,583883 88,923745 9362,517332 3
524,413053 960,610666 9388,571605 10
594,215338 932,339865 9390,229237 2
369,763723 104,703739 9399,548521 3
569,286040 977,116857 9415,471178 9
397,481817 81,511515 9418,202450 1
374,093621 103,038774 9429,565327 2
562,345843 1019,889827 9432,601369 3
382,621539 82,134428 9438,483984 8
347,921759 41,375351 9438,825894 8
377,470422 129,765143 9447,647226 3
341,070790 107,384814 9467,644860 5
438,174566 1013,707744 9481,541240 7
334,983803 134,244428 9483,173810 4
577,613308 956,042086 9491,323732 3
361,578188 172,798338 9501,110686 8
581,496275 869,712406 9514,782560 9
341,303139 108,025342 9520,800788 3
408,887445 86,856658 9526,170914 7
491,310356 979,631052 9528,534842 2
545,302579 961,081221 9528,731629 7
515,612372 970,751298 9530,764957 5
339,184039 48,434521 9546,515180 3
568,078768 941,792616 9564,736040 1
358,367373 118,843277 9572,180780 4
369,491199 108,598113 9580,509776 4
362,118590 108,935785 9584,687089 2
529,305643 1039,507562 9595,497568 9
317,495413 100,769068 9607,550631 2
354,386648 56,155079 9619,830508 5
515,118142 920,959434 9635,502306 6
513,719487 973,613601 9639,417079 1
410,585743 64,136801 9642,580949 1
530,906838 960,803682 9643,359918 3
580,802011 959,816208 9651,558082 5
478,768756 1000,241226 9669,128084 6
454,769019 948,048234 9676,482924 10
526,960991 943,123011 9692,056544 3
523,836772 906,309385 9695,722260 1
547,906842 963,785576 9698,269044 3
519,055989 994,669712 9711,632284 7
378,086542 86,690879 9717,717571 1
520,482605 976,181878 9733,896508 2
537,228066 948,152084 9747,830735 7
271,384233 69,144868 9762,639712 8
604,246154 1005,896857 9778,378757 1
523,590008 964,375199 9791,231256 1
539,151928 952,878403 9797,358102 1
492,969054 978,483572 9800,540313 10
432,247730 144,617345 9809,996262 10
561,423416 986,561567 9827,203250 2
380,602252 137,877418 9831,990859 5
524,897017 970,120957 9832,440981 6
526,040029 972,940537 9833,213432 5
529,370290 946,477896 9834,574686 1
366,712023 127,296244 9847,594712 3
378,839664 113,515186 9862,619103 7
459,183890 933,127366 9874,291806 2
491,575349 921,305875 9874,305739 5
350,619692 156,114028 9874,523206 9
448,043591 1006,218127 9876,001126 5
409,064643 125,212786 9883,900520 2
408,355810 115,994104 9889,862298 2
372,929786 106,293527 9891,822755 10
317,209636 67,668438 9893,424761 7
537,330802 957,066358 9907,570005 10
369,461998 104,967010 9942,068965 4
490,530216 932,649249 9959,124343 4
357,856417 145,636885 9963,750709 5
351,097761 110,485828 9967,141583 9
355,228445 108,963095 9997,269440 5
