100 1000
768,739812 595,173618
898,325115 555,022253
883,957456 598,057908
706,578061 515,520876
862,539347 588,316001
806,246913 613,385917
850,214865 594,279740
723,700721 505,120153
880,058279 432,775357
897,175244 453,043024
874,811601 418,433856
837,028781 568,666265
919,244277 542,916190
860,598844 601,304204
754,982779 564,751274
916,459361 473,696641
733,915818 506,805643
705,009138 454,556174
773,959102 395,795080
785,885306 385,993336
805,394550 604,902680
748,501488 411,491240
737,294826 525,830904
767,562890 442,959781
923,709410 499,072733
904,314274 554,715740
874,746859 577,099651
894,887557 455,026904
925,234848 467,894137
734,677360 526,209116
731,148470 563,536985
730,302879 456,564861
820,543949 399,819084
739,188962 534,014524
891,609823 532,754518
767,940351 419,746143
896,288451 554,572936
911,692757 484,605927
711,607537 452,368412
840,802566 410,419677
855,358397 571,676817
776,877495 571,444791
905,196631 510,234097
863,851249 417,386259
843,680449 396,671183
907,293950 492,165442
714,348499 487,925455
722,658753 491,678671
907,964906 454,475724
732,471773 539,815250
738,551136 559,923715
897,034052 487,827878
736,247174 470,386801
724,882848 556,386886
796,389588 430,956674
854,850446 405,502149
910,125045 526,205811
904,859352 484,127401
718,138706 536,117492
766,892770 568,509066
894,896011 475,233274
879,897927 585,674548
711,174722 561,628629
740,278995 434,289810
752,072735 554,770046
795,194433 413,567536
695,023018 487,633592
782,939421 599,645199
833,549100 392,377290
911,760513 419,634247
768,003869 614,724203
872,632004 424,628250
853,038774 608,114067
739,730271 445,324946
836,268220 602,178229
909,458210 540,144292
765,318605 592,072430
722,489154 524,953425
803,261506 617,520447
901,575451 548,462691
887,298714 504,982949
857,539346 405,393616
849,584254 574,649446
833,109715 606,030982
833,386945 392,527566
747,037924 420,684597
708,108570 496,871178
756,661669 571,792784
884,923838 573,899671
886,558915 413,124743
864,494222 577,691541
841,162540 397,122253
707,200843 526,051875
729,694014 481,047400
812,426698 593,205581
746,337152 580,586987
816,136769 386,944615
898,899959 557,093677
847,507754 430,216591
735,257901 536,263431
795,797540 394,988393 10,148892 2
786,069680 568,710343 15,790802 8
716,886398 447,140033 22,408968 1
819,443217 596,317908 62,410811 1
899,174017 438,572415 76,688839 5
733,864259 443,148380 86,498604 7
890,085600 539,621862 93,321158 1
923,381701 428,047561 104,914416 7
868,462202 569,406385 124,492929 4
761,928917 587,534415 126,584606 6
768,213192 594,706277 138,684781 6
811,321762 576,588025 141,319980 7
877,669479 472,884793 145,033618 5
761,151486 563,682221 148,597517 9
793,836359 585,674201 164,744934 9
925,731923 539,862886 167,656481 1
734,213420 544,083598 169,193399 7
926,967157 512,562931 183,100327 4
771,053440 442,841809 192,894498 9
713,690429 459,916102 214,596680 9
805,838907 387,484635 221,973070 8
773,341989 583,896551 230,259267 1
921,852430 450,450685 266,753205 8
729,888242 480,098735 268,615172 7
858,985286 412,318907 268,767669 1
724,732494 569,952740 276,342214 2
761,632622 404,590086 301,764526 5
739,198550 479,082781 306,872886 2
863,583307 395,855896 307,241826 3
735,598454 585,933008 332,695424 2
822,489033 577,192584 339,568637 1
886,268929 432,152186 347,168435 9
897,733563 457,865208 363,396245 2
932,813375 520,163800 399,408886 10
745,958610 457,340093 401,016051 1
893,189486 601,208024 401,681349 8
844,642915 581,720840 404,813032 3
821,023864 392,383456 429,129908 3
747,154604 523,774498 444,046639 10
764,601454 572,807154 449,743443 9
841,250608 580,812178 454,820262 6
777,067808 425,821764 460,349778 2
920,169884 528,867158 478,590228 3
784,525600 395,333863 486,443894 4
840,637805 418,408334 489,662544 3
736,237800 457,368768 501,875845 4
906,351366 491,666659 509,106517 5
854,575187 417,011789 563,672055 7
912,641355 501,539991 568,318345 4
841,317600 598,116173 597,918967 5
715,933391 474,958544 599,287418 10
898,552492 547,840974 608,106178 3
903,946191 436,504416 613,768813 9
881,211043 450,796450 624,666955 3
852,769957 422,037060 630,686816 1
858,449119 413,391115 639,215020 1
881,029237 576,979008 650,469372 5
934,681891 503,919894 674,709548 6
725,786960 438,606489 677,381341 7
911,733766 434,058680 678,261660 9
717,918342 506,308898 700,884876 8
704,513725 516,447405 737,303826 4
720,664971 575,748945 743,933668 10
732,974363 470,635782 761,198330 1
910,845234 435,919214 763,297937 10
926,145470 484,777584 771,185478 5
780,483306 574,144660 786,761189 1
736,645823 457,291553 791,090517 8
825,963824 421,850915 796,640890 3
914,790046 476,542035 800,868448 6
822,141367 408,875332 802,693469 6
781,743917 576,322327 813,819732 1
908,525292 555,293082 818,133139 1
733,628478 430,204858 821,442128 1
915,398075 486,353992 837,747983 7
870,322189 584,932024 844,772803 3
886,906087 423,975164 857,426728 6
905,646839 452,755196 861,023727 9
719,007680 456,109791 881,736006 3
818,386068 421,431397 894,621901 7
902,999095 512,726124 900,033348 6
799,545912 388,899322 919,173039 6
731,781251 462,770467 921,311820 9
865,052253 566,645257 926,047336 9
754,260892 581,063780 955,628058 9
776,839929 409,233559 956,631407 10
716,418295 464,117507 960,585011 4
782,475757 574,840829 973,659660 4
916,681568 565,943635 975,500223 2
697,053482 463,032271 990,855214 10
833,269241 609,385744 1005,932633 5
741,012677 449,306781 1027,412502 7
726,274239 550,752058 1044,180731 6
827,350765 603,048065 1049,151136 10
738,579179 575,408878 1050,234842 2
770,771003 444,046927 1053,690740 4
917,908588 508,741379 1058,216845 9
735,372746 551,345286 1087,594279 10
831,235051 404,963429 1097,910931 3
832,205513 599,792091 1103,002846 9
772,612097 408,370842 1110,468457 7
892,598731 553,703336 1114,196971 1
753,123725 570,777003 1154,833422 10
737,708689 488,472290 1162,552649 10
830,945942 372,183733 1165,034235 6
876,390358 465,328393 1194,824200 6
825,303530 576,309451 1219,111501 7
740,566144 564,158243 1227,713658 7
764,051939 603,401157 1241,224841 2
870,819616 437,807815 1258,865586 7
842,254048 395,015495 1264,400114 5
762,076076 411,471688 1276,006296 4
744,983239 518,330223 1276,380778 1
806,429414 414,992249 1303,664964 7
853,471629 581,861113 1306,883696 1
764,061350 425,081445 1328,788935 1
920,365465 486,429279 1348,497954 9
798,182096 389,593229 1352,956862 9
896,734925 587,480097 1360,455314 3
791,561719 597,829233 1402,042294 3
781,152655 613,797397 1409,044553 5
851,763576 577,258259 1422,198093 7
825,987298 620,998902 1441,948614 1
944,612702 479,857883 1442,182236 4
720,266786 514,270410 1463,459365 9
902,267302 490,372118 1505,213412 6
916,032460 474,114063 1526,032447 5
827,291542 407,095589 1528,574643 5
745,035929 529,967259 1529,415492 10
890,533878 414,387016 1534,823002 1
739,406041 469,133415 1535,418010 4
915,427328 501,161256 1560,744855 4
784,556236 386,229299 1563,685364 3
706,935088 469,681948 1564,118898 8
887,357662 421,536311 1568,211913 1
896,489630 547,548669 1573,878447 10
870,641195 430,146773 1581,847880 1
882,099250 574,963634 1590,672258 2
866,992040 580,029310 1595,173237 1
896,949462 533,701384 1600,790292 10
747,587008 434,059424 1623,223178 3
856,750399 584,424607 1623,270098 9
797,378678 571,727179 1630,178720 7
690,283330 455,389992 1630,361364 7
855,042389 428,094761 1647,601902 5
862,447296 599,340148 1660,175293 9
805,975790 625,944462 1662,106249 2
723,439019 553,942500 1662,828046 3
893,926417 486,551143 1665,969962 8
779,274720 615,794801 1683,853074 9
722,811022 586,966159 1691,960588 6
741,000964 418,918279 1699,766475 7
825,899467 414,628016 1706,572660 9
920,125164 517,244043 1711,680260 3
910,004923 536,679060 1717,175098 10
864,910538 427,798399 1720,736831 3
689,466020 470,831272 1732,726499 8
724,225944 558,625366 1741,238854 8
779,668499 617,724109 1741,269164 4
910,953360 518,266081 1754,536425 5
780,751594 396,229987 1787,435598 3
757,448396 541,806637 1801,573896 4
814,634804 586,714061 1833,308515 1
879,981134 482,252895 1835,887738 8
765,276673 429,220115 1840,218390 1
742,659741 442,002580 1841,511784 6
808,715919 412,739229 1845,443718 6
870,529799 409,541498 1847,007408 9
730,396380 470,253278 1852,720537 6
752,055594 513,031507 1858,113407 8
906,002733 485,357029 1860,168599 9
845,650382 593,256349 1866,936053 6
760,604160 602,061528 1900,298757 9
714,646085 556,835245 1912,556849 9
714,081536 507,944661 1913,423325 3
748,237462 418,995784 1919,221339 10
803,407130 609,779276 1936,103660 1
744,458650 580,188660 1936,205596 9
775,684269 396,079718 1941,695952 6
736,045240 419,786170 1942,928193 4
743,030904 563,396609 1973,246352 4
730,965809 438,035299 1974,456531 1
844,652621 420,512057 1976,538762 8
722,871220 475,356447 1987,091440 9
904,355706 556,185675 2001,363888 10
905,117622 578,447358 2001,869169 1
908,541131 497,810657 2003,958013 4
937,282500 526,125502 2009,058300 2
712,281388 505,898313 2017,016159 5
772,052637 378,030980 2034,209245 2
742,873096 539,271707 2040,397223 6
758,903778 552,137789 2041,063751 7
711,056340 463,970822 2048,972194 5
783,775506 577,828213 2058,284593 10
716,323601 450,587299 2059,966412 4
742,147760 553,632100 2071,771529 5
903,847113 553,749741 2086,774009 4
785,514382 434,988374 2094,975370 9
819,366055 386,442198 2106,745257 8
708,745698 541,395310 2106,792554 7
930,787907 557,982263 2108,180429 10
744,395375 477,692604 2113,898581 4
729,724854 477,221375 2144,450085 1
727,020524 499,398319 2155,295766 4
769,574905 425,175233 2166,949962 10
880,247343 437,324617 2172,041119 4
813,784261 402,139633 2187,181790 3
910,505933 504,162682 2203,278967 6
785,351863 595,991242 2210,723542 4
878,244377 571,677970 2214,366114 6
745,897560 475,689581 2217,616959 1
772,170593 598,237300 2220,888952 6
730,360771 444,413270 2243,634988 2
924,762733 558,369853 2245,705450 1
895,480870 544,480732 2259,879782 5
765,709507 424,497805 2263,491792 4
763,963186 607,498110 2269,408086 2
853,795278 582,647192 2275,446977 10
898,302172 572,720093 2279,079702 1
758,620813 417,081713 2288,746658 2
709,766824 451,326485 2290,122672 10
911,170658 437,828339 2308,783041 3
845,385759 402,431610 2311,482715 7
894,256782 554,183420 2313,522625 8
762,175456 570,831900 2322,234517 7
914,982813 502,636269 2342,193371 5
770,779876 412,508559 2345,972116 5
747,600923 551,799327 2346,797574 7
832,052252 405,512442 2348,006222 4
721,089783 479,018123 2363,009116 8
734,054716 515,535262 2397,157877 2
729,854924 548,652822 2405,999622 7
781,805626 410,960606 2421,940411 10
778,618237 560,705845 2425,668653 2
723,089394 453,890251 2429,221250 6
790,270665 570,167776 2450,011210 8
849,941524 621,235268 2450,512028 2
889,911907 448,423652 2467,634882 2
934,831556 565,751014 2493,109879 10
727,593507 446,010514 2494,990085 3
737,635321 580,707222 2495,540356 1
872,860508 589,494781 2516,561162 5
897,631724 495,666607 2520,593704 5
902,193269 506,338069 2532,161504 3
774,235287 589,937668 2535,795907 5
885,367370 457,195587 2544,121359 3
743,529053 480,176630 2545,121958 9
853,390230 591,099848 2552,654375 4
840,762413 429,536069 2563,257618 9
885,334945 421,832212 2568,397451 4
866,660612 545,870861 2593,795136 8
912,737080 570,982085 2601,375237 6
732,091640 548,605523 2616,468204 9
832,293233 398,100974 2620,103701 3
756,095790 587,202621 2626,253358 10
837,007021 420,950285 2637,389142 1
789,861112 576,821421 2649,040765 3
894,288206 447,701837 2650,830401 6
769,819133 405,542592 2652,229057 5
899,659491 586,869335 2653,207684 2
743,572948 438,856024 2653,617490 10
755,637336 412,113850 2678,366476 6
836,456925 389,101709 2678,915961 10
874,872812 433,189930 2683,570392 10
735,332701 405,286003 2696,295444 10
751,842900 582,359445 2716,266756 5
722,666370 524,301933 2728,859510 2
777,931899 431,941056 2762,600995 3
747,648391 556,694033 2773,089204 3
891,657295 451,611568 2786,934397 1
949,456498 548,757689 2791,589148 9
849,571219 594,442194 2794,257136 8
769,889881 416,830694 2794,893456 10
865,709676 581,485735 2800,266763 8
841,352683 591,693389 2806,676065 4
721,000021 460,448881 2813,716176 1
780,659074 577,578676 2813,771945 10
825,543843 595,850485 2813,892455 5
933,810723 521,250949 2827,231569 10
915,389430 414,908723 2828,173442 7
878,102549 571,757423 2829,062429 3
781,777017 618,839051 2835,770683 3
735,165980 515,433724 2847,786924 10
805,066481 390,508504 2887,000765 2
909,427486 467,176263 2888,851568 4
712,933362 546,329933 2894,798506 2
905,061661 558,285288 2900,387308 10
899,922307 538,929776 2901,677734 4
937,187599 544,090489 2922,964084 4
761,200888 574,004084 2929,230166 8
861,580237 406,718991 2931,376809 2
736,782962 460,335036 2959,836027 1
735,131105 414,855313 2975,684594 7
833,266339 603,941700 2987,165000 4
888,766015 479,510661 2999,913040 6
923,186220 558,148382 3037,283612 5
877,137816 551,946986 3044,054959 6
739,756743 600,452961 3055,812356 5
797,200267 621,945579 3063,093653 4
924,909871 517,571966 3094,052982 2
736,334526 483,355842 3096,202812 7
712,754542 538,870339 3098,090663 9
737,203989 475,029940 3111,954081 6
763,311553 601,400065 3134,704052 4
889,164920 437,854546 3135,536230 5
897,893091 507,492072 3147,979941 10
860,830951 436,194160 3152,508434 5
835,825688 591,438702 3160,263633 7
803,586590 367,863634 3168,917757 1
831,238942 601,442671 3176,307789 5
780,937669 455,916577 3224,750854 2
864,168681 595,289195 3225,495980 10
919,160039 536,463973 3252,339396 1
823,191171 617,592087 3253,732867 6
688,342825 478,485326 3255,282155 2
740,803842 461,321291 3259,340465 9
862,484244 559,126389 3264,763621 3
911,075981 574,489413 3288,277416 4
802,132056 405,204685 3288,517925 8
731,901640 554,428057 3293,117854 2
788,835323 586,995675 3304,414666 7
736,897186 509,821664 3310,342472 3
931,800180 449,375765 3318,225796 10
893,970494 516,015869 3318,985482 4
919,763883 483,838730 3319,206698 9
915,015305 446,358498 3323,265335 10
731,938026 551,121459 3326,732624 1
921,979372 531,168097 3337,198509 5
686,026700 485,246066 3342,396166 9
897,134734 408,113759 3383,409605 1
958,830391 484,114886 3388,149596 9
918,036641 463,996685 3392,835579 9
908,936643 546,387499 3400,533817 10
705,941830 525,599343 3417,614333 2
885,707675 418,960548 3425,781580 10
802,103693 393,685063 3426,422134 1
739,286895 545,689031 3432,324726 9
835,739976 612,110314 3434,814029 2
893,449024 549,330350 3449,150589 2
744,871224 590,127113 3465,011285 5
930,318961 495,744008 3469,950359 5
807,563601 394,448313 3475,511364 4
881,554998 491,825699 3479,037918 10
888,576405 464,008645 3489,388034 4
918,652696 526,199759 3490,848044 4
780,881626 380,316409 3492,975315 8
823,540435 616,737820 3494,612838 8
828,934268 414,101797 3512,960789 8
926,589365 543,432087 3514,209527 8
886,229089 589,507941 3522,022602 9
873,557774 419,237727 3526,402062 2
895,026153 407,413552 3533,224264 3
865,939828 605,552201 3542,863556 10
760,948942 572,988195 3546,313980 1
719,275951 446,132634 3552,443868 8
794,914135 582,464421 3553,851347 4
739,199064 448,433968 3554,018203 10
886,441810 459,583089 3554,304095 10
771,538704 578,601015 3567,346079 1
750,736213 592,398470 3575,498582 10
732,143228 564,307714 3575,706696 10
901,600372 587,504657 3593,566303 8
873,900715 590,067996 3593,837243 3
815,444087 609,856634 3596,087382 4
816,212888 606,268035 3604,896433 2
781,698701 573,072991 3606,754707 3
718,463306 508,399626 3610,551582 8
853,907754 570,168967 3628,161111 9
900,846860 463,003740 3632,215948 4
703,204497 558,671463 3632,699556 8
742,588010 569,197704 3674,177381 4
908,058485 543,680303 3693,525172 1
745,810122 459,132090 3695,828760 8
843,667408 417,521608 3697,282521 5
851,274132 599,060222 3699,387282 8
828,468487 605,715981 3709,465259 6
897,982022 418,670108 3724,842402 1
904,721172 466,334379 3744,796430 6
731,961652 471,473774 3754,975874 10
931,504408 515,981129 3762,020214 3
726,983171 478,462437 3763,562424 5
892,862644 560,315290 3764,104596 4
745,637389 437,556908 3775,324499 6
735,624669 407,401412 3776,631184 5
693,817761 463,645441 3776,889345 7
771,758162 435,219011 3777,467628 2
865,552521 423,061717 3785,013823 8
923,247783 520,851614 3812,967448 4
713,377685 540,998987 3824,493159 8
896,274529 494,838473 3841,579859 1
755,403863 450,503947 3860,282593 10
776,277480 440,324416 3872,376729 7
794,594585 405,322234 3878,667221 1
785,166526 619,933515 3884,293073 5
731,948865 514,989578 3903,938878 8
863,262883 395,882119 3914,391523 4
859,256126 409,477142 3931,194747 4
712,872154 467,147230 3935,245589 8
802,560337 608,568442 3935,832211 5
781,440427 420,776704 3950,986735 10
739,197258 583,636838 3960,586792 10
913,633660 417,691382 3965,843740 9
811,113939 616,505775 3971,736176 6
805,556063 604,780837 3977,973750 1
894,699473 557,946220 3979,734691 10
729,514110 453,156080 3984,603677 5
807,487990 420,146333 3985,091661 6
785,970794 607,983992 3985,113041 8
790,032712 413,807086 4011,098424 6
810,304413 605,364857 4011,158575 7
798,959495 386,142469 4013,596690 10
703,130108 528,530810 4031,126910 3
892,444360 532,132684 4059,757343 5
918,220464 480,344622 4060,545692 9
892,624200 526,210335 4062,326903 6
727,633533 553,989150 4081,020505 7
888,223758 525,522455 4102,008766 2
824,883193 585,916209 4111,517407 1
832,474392 408,212275 4114,926198 2
705,691773 503,931475 4125,108354 2
748,592159 597,005755 4128,673178 6
724,936634 513,402376 4136,563669 4
739,812091 497,049770 4153,946438 7
838,141859 611,207433 4160,414291 4
867,322546 519,263983 4161,802951 9
749,853897 426,376583 4172,131885 6
856,478890 394,967493 4173,939029 1
728,024352 516,658024 4175,647675 2
756,639089 463,874267 4180,268431 4
874,202121 555,840771 4185,323978 9
739,662279 414,667657 4188,719049 7
877,622339 563,120471 4213,208286 3
911,835843 446,627452 4215,454401 10
858,856063 585,607476 4220,781150 2
896,904329 497,959558 4221,522678 8
789,542577 398,215993 4225,419781 5
865,507612 594,742192 4233,753965 9
771,596840 389,652143 4245,328068 3
915,268263 435,366003 4247,959473 8
756,795819 593,545655 4248,419172 4
740,579936 554,264499 4262,892483 1
794,299877 594,529846 4264,771773 9
918,210464 452,308241 4279,275325 9
875,764679 461,385475 4279,685180 4
893,435285 440,985185 4283,207074 1
736,211073 548,499958 4286,610132 7
925,490627 517,892445 4335,358341 8
837,506722 583,821212 4335,776383 9
745,087889 527,383150 4340,290661 6
731,867585 547,603871 4345,374469 3
893,392326 591,095060 4345,821062 1
751,691358 545,687442 4349,460385 8
715,073352 475,723865 4352,855979 8
688,147349 458,677459 4373,122016 8
737,300569 494,601476 4374,629414 8
890,141737 413,833694 4389,564616 7
728,588576 575,585284 4411,162664 1
795,998536 575,821676 4416,314369 6
777,826648 424,691733 4438,146966 2
768,680256 412,324616 4448,630212 2
915,105745 552,380411 4450,359145 9
834,830437 582,331743 4451,621246 10
887,609200 539,912015 4452,424839 8
827,514399 397,352360 4467,660613 10
872,832801 433,293740 4469,021195 2
929,839354 546,086540 4487,219226 10
756,036557 413,622804 4502,297467 9
894,854302 447,471585 4503,984822 8
909,676503 533,587965 4505,295641 7
907,245056 441,526736 4531,585049 10
790,672387 614,957461 4545,304539 10
907,071836 523,077154 4552,158211 5
894,150363 451,871343 4563,993073 4
841,156975 597,598644 4573,846227 7
847,870740 622,268570 4592,989084 2
800,537820 403,041106 4595,406705 5
916,102400 468,200579 4600,345001 6
846,457396 406,622631 4605,577369 3
907,733993 496,593769 4608,752969 10
883,102506 443,143690 4622,325073 3
859,601112 611,319915 4635,134025 8
763,822426 430,028497 4642,200224 3
779,629296 424,252073 4652,484161 5
749,883583 450,749068 4665,480712 5
843,772267 420,553142 4671,554476 4
732,295984 540,862714 4684,347293 7
841,906395 417,869581 4684,411045 10
898,740549 470,047905 4687,043584 10
883,601627 427,502343 4691,206378 4
733,984969 451,051954 4700,578239 6
721,383555 531,578749 4713,890818 3
824,934598 411,476339 4720,398157 9
735,740724 461,152308 4721,511216 3
915,663326 452,455947 4729,400737 3
878,616853 573,708453 4743,162548 7
903,674221 475,957065 4748,452683 1
774,449947 393,697571 4751,708895 2
933,576380 539,875369 4753,410742 10
739,170962 569,948293 4754,683487 5
870,280317 565,080109 4758,421683 2
727,376487 522,883278 4758,601852 9
725,945141 516,015379 4761,302702 3
891,787375 568,505569 4771,225188 9
885,876804 506,192669 4771,964331 7
719,558845 448,079156 4780,705763 5
909,240743 556,560124 4791,169540 6
860,951950 398,776130 4792,248958 2
736,113002 544,546642 4820,885665 5
783,933515 411,038577 4821,028262 2
831,387719 395,545284 4843,621997 10
800,205322 365,169379 4845,624053 10
756,472336 603,665021 4893,442107 9
741,362269 439,517931 4895,889541 7
835,172728 409,166780 4900,256277 2
789,692662 430,216543 4907,325143 10
735,420284 517,126496 4908,910747 4
759,500901 585,178272 4917,740724 4
842,603809 426,218968 4918,963737 9
770,618312 422,566445 4958,309754 9
765,390935 591,760432 4961,969312 10
945,678086 471,832508 5002,204501 3
766,004788 565,257897 5002,460573 10
839,007753 381,056953 5005,501317 5
745,188678 506,226850 5029,200873 5
787,505301 374,714146 5041,681639 1
725,277902 446,288615 5043,678231 7
891,247598 430,726942 5058,720528 2
739,392965 564,051845 5063,569779 6
731,859399 498,751818 5064,194915 4
735,311527 509,294894 5071,851008 2
827,912444 426,310195 5075,464903 2
829,396557 402,112034 5088,601603 8
798,000228 395,290176 5103,603641 2
716,461986 428,066975 5120,989329 4
886,623613 570,551829 5121,931795 10
773,852520 397,607387 5134,504784 4
895,442014 529,388114 5148,865874 10
792,356075 587,977452 5152,936227 2
804,778015 590,801867 5161,982088 9
906,074844 430,597833 5166,866649 1
759,207509 437,939909 5174,377072 8
853,376858 594,735351 5205,313229 6
923,422295 500,983732 5205,919880 4
714,390239 535,416775 5213,101930 9
918,709345 540,095089 5227,763778 2
741,288601 587,986319 5229,354600 8
908,376446 439,668175 5236,537863 9
890,526766 581,949710 5242,981758 4
861,308828 562,018855 5254,683861 9
863,539429 561,493490 5278,356639 6
920,033746 538,807163 5281,054999 5
784,173712 563,737730 5286,934443 8
700,569315 465,258019 5296,494213 3
826,450492 406,273830 5301,529557 10
844,096513 389,862353 5325,925631 6
865,172475 405,733397 5331,830431 7
886,716666 570,081462 5340,904273 2
765,465456 408,239499 5355,020739 5
849,743040 389,446572 5389,703441 8
719,303760 463,435588 5396,929059 9
729,925727 518,128267 5399,338152 3
893,693321 529,382079 5402,671938 7
789,952215 586,653386 5403,089798 5
934,438386 526,242374 5414,416136 3
902,616011 507,940614 5424,915927 10
830,037518 414,488593 5425,418412 5
718,629407 565,650559 5429,885917 3
846,516814 584,246639 5440,926122 9
728,118615 529,528238 5443,950121 2
877,898438 451,312405 5463,012470 3
770,908611 589,500409 5484,054243 8
906,105855 529,841862 5486,565604 5
901,692498 545,333988 5491,587987 3
760,575396 560,873938 5496,755431 7
911,563906 477,236591 5498,464058 6
807,578489 590,896989 5509,582100 3
697,717370 511,986038 5527,926521 7
727,877696 556,322080 5528,828517 6
812,577949 403,181238 5540,896056 2
904,237802 534,918630 5557,537713 9
819,337821 606,968464 5591,278681 1
757,121317 411,774659 5592,457665 5
811,390393 369,289025 5594,855919 1
736,316117 526,725078 5596,962923 4
802,904612 617,824066 5607,885870 10
908,774848 460,162888 5611,488281 1
915,502737 500,649069 5637,060621 10
888,234965 582,303462 5637,270221 8
749,379645 599,284043 5645,887950 5
756,532550 448,241008 5648,134341 7
765,007719 596,523508 5666,867319 10
843,881359 585,853721 5671,344896 1
767,877480 416,119690 5678,035674 3
829,228923 577,115422 5681,297376 10
918,047028 510,420604 5703,252289 3
868,587649 592,139622 5703,459649 2
781,011932 415,964979 5723,293982 2
771,517967 398,471983 5741,514780 5
907,172687 548,239483 5750,375269 8
716,450644 474,685786 5754,269721 4
936,494428 490,068953 5768,276908 9
909,475450 550,836709 5769,172478 6
912,445915 562,290085 5779,958890 3
814,894366 381,882035 5780,900283 9
877,656573 437,433711 5783,228551 4
867,558740 461,231207 5783,651477 9
803,058488 610,826074 5792,322468 9
715,634034 483,068146 5802,163448 10
833,221776 420,945801 5805,812892 1
760,795727 576,211974 5806,809478 9
881,474414 571,412741 5816,114493 9
897,832178 407,828021 5845,445746 2
778,805421 404,588346 5857,564447 5
763,824777 398,410894 5861,263354 7
822,683756 588,819615 5863,103785 10
885,917929 405,839237 5878,934954 6
713,625251 535,339267 5916,114383 9
808,445321 584,817378 5919,094277 5
862,661161 576,929028 5921,229503 3
904,775156 512,621413 5925,602988 5
808,518561 375,081917 5936,328166 6
848,864631 379,476050 5937,347124 2
799,755759 607,842094 5946,552773 4
844,422038 417,993441 5946,911513 2
862,173538 395,409917 5956,775882 1
766,007851 407,396548 5963,705687 7
869,922379 586,190280 5964,027757 8
821,629103 401,587305 5973,008154 1
688,928616 538,623010 5991,733726 9
857,186027 580,189686 6003,370886 10
918,245939 461,309729 6020,246731 8
730,238817 471,496189 6053,012722 5
724,480593 533,583078 6056,064951 3
784,559194 402,040473 6056,525672 7
700,147377 565,758084 6065,214814 6
824,982392 411,589724 6068,524536 3
771,484171 569,772682 6103,993885 4
851,657204 413,416678 6104,348522 3
893,886801 560,185725 6108,135764 6
721,857750 435,021060 6113,756317 9
673,094408 572,857734 6136,333516 4
722,334666 547,130017 6137,204115 10
827,861910 603,217815 6164,063379 4
748,384039 413,717322 6174,521394 3
880,163085 415,776850 6182,149382 10
912,256274 448,569912 6189,659732 8
863,129254 560,499323 6189,963235 5
874,167807 419,360131 6202,386079 2
763,381787 548,808917 6225,362982 7
725,919228 424,060341 6227,529183 4
734,877819 469,037361 6236,342855 9
901,376329 540,183205 6254,165951 10
915,188522 526,449514 6255,502265 5
733,222923 545,287545 6258,531859 9
710,707426 516,006907 6266,296957 1
878,231773 576,210414 6271,170279 1
802,678405 590,458648 6271,199354 4
782,104909 408,539233 6289,846657 6
770,154508 580,134708 6295,290609 4
860,403310 582,171803 6302,335348 10
832,210430 400,313122 6303,921646 6
837,350581 587,530683 6308,795532 2
901,642935 588,647794 6317,143522 1
821,028006 617,382104 6366,996858 6
867,842576 557,397174 6370,029641 2
901,354070 504,741432 6370,123831 9
714,552576 561,241453 6374,024839 7
774,414556 577,392969 6387,243617 5
702,945652 476,646487 6409,589019 4
707,904070 489,086931 6438,209051 9
884,340280 430,049199 6441,565143 2
838,548148 604,158269 6478,411625 10
928,885507 487,663301 6493,698639 10
728,719932 511,685941 6500,861752 7
797,624187 588,105147 6504,889288 5
939,522878 510,489205 6509,055193 10
731,949928 458,829889 6515,226694 4
720,152884 464,689462 6533,718271 10
757,174278 454,334912 6547,413334 2
848,852271 430,723425 6569,158879 7
756,337391 617,501504 6601,285204 8
740,760682 577,587418 6606,108149 6
902,502991 508,724174 6612,295898 5
793,877516 611,715674 6615,292001 10
849,229262 590,826424 6620,551067 10
899,428609 547,757349 6649,615429 1
860,571429 557,541300 6666,163780 10
833,721411 572,715064 6666,644922 9
884,088208 557,769060 6668,065548 7
922,221812 464,368059 6670,462371 8
748,774184 599,968232 6682,132713 4
715,111557 529,747646 6687,677229 9
914,836594 500,301196 6695,841470 8
744,641582 550,424831 6700,900782 7
767,597212 451,384688 6706,777285 8
874,399212 398,589206 6707,488098 10
861,156242 418,633754 6716,667706 5
725,044838 447,162807 6719,399431 10
713,827526 560,931798 6736,977696 7
921,321882 492,929648 6745,208601 7
902,920680 416,962302 6749,451828 2
795,547956 413,704441 6763,442463 7
763,146312 445,928257 6773,427833 2
878,739838 427,901463 6799,995005 2
728,830180 454,895723 6823,373686 2
789,095942 403,815175 6849,770270 4
821,942812 594,951404 6850,830466 10
730,317575 468,732260 6853,317168 10
699,250393 536,849774 6872,974962 10
816,779553 412,354451 6876,703722 10
714,799600 453,100226 6886,427382 3
793,920070 617,355746 6930,587534 7
954,983952 503,724650 6934,847335 2
799,201198 415,724440 6943,535366 3
869,095867 444,937743 6969,842741 1
724,884611 464,523061 6974,852262 8
708,705818 498,757764 6984,471665 6
739,161233 432,835796 6996,884262 10
752,183617 562,270354 7004,330692 3
700,476218 486,505957 7007,408781 2
846,383858 383,990938 7012,288689 6
900,659298 552,910962 7015,337018 9
730,217801 467,746468 7024,264751 3
820,476581 424,128515 7030,879612 8
736,858099 415,298826 7038,676743 9
898,656143 441,756299 7065,251642 1
925,843208 447,179444 7065,856463 5
742,080852 447,888717 7087,853923 10
896,003877 450,594224 7104,418748 8
740,920991 526,408651 7107,873569 2
884,012275 571,563939 7112,191962 3
745,931226 481,665752 7121,302971 8
817,536451 569,598102 7129,814576 2
782,401483 611,949392 7130,353804 4
732,672911 535,522864 7135,139092 3
890,761150 541,916140 7155,384667 8
877,930588 567,092297 7158,981084 9
738,278686 494,917432 7169,630716 10
732,560709 432,929405 7171,026258 8
797,976685 617,769995 7195,686304 6
719,327665 550,121931 7199,485222 6
762,114822 570,516424 7201,348519 7
906,041799 530,319897 7213,863213 10
843,340511 422,696752 7215,822351 9
710,696882 430,722045 7227,385984 8
867,240498 587,786740 7241,175596 10
773,726246 432,208537 7254,548928 4
826,794181 412,238849 7256,286953 6
814,791832 595,277895 7258,776307 8
761,194090 417,124910 7269,886997 4
807,360576 389,117728 7311,399839 5
815,835725 375,384620 7331,662048 8
789,568107 412,177606 7337,788496 6
770,029731 426,481341 7345,049692 8
910,185728 443,296246 7366,934562 10
890,806200 396,291205 7370,602500 8
721,146306 574,549666 7379,496094 6
845,572807 408,564184 7380,047317 8
885,984780 469,694886 7384,272482 8
770,768926 441,060659 7395,370948 6
740,742199 607,197058 7421,948922 3
730,666374 512,765400 7422,108621 9
724,410422 430,289452 7426,942062 6
767,234417 572,983499 7441,424906 9
743,265359 558,120028 7454,205765 1
771,914937 575,268207 7459,910610 1
923,362352 496,699572 7465,832042 10
685,144660 494,319444 7499,502200 9
702,624863 530,095345 7506,116193 2
749,382739 556,671137 7513,862592 8
712,539633 543,794552 7516,897348 5
897,095982 587,580215 7530,980115 4
694,721617 479,413165 7552,243467 6
853,000495 586,753203 7562,287483 7
861,127943 401,742498 7563,805123 5
875,706289 574,217921 7568,432680 7
854,470880 592,359525 7576,506390 7
847,473418 401,891287 7586,620379 1
839,350383 398,593978 7603,205385 1
715,514568 503,494682 7603,689139 9
735,817023 415,615352 7616,460219 1
952,534362 491,072463 7642,519867 4
798,192017 591,474187 7655,526907 9
912,271637 541,315249 7656,973929 1
863,615068 409,227140 7671,303232 4
822,943207 386,849520 7680,184520 3
904,874001 417,117731 7695,409762 9
852,186473 598,709006 7720,486729 2
893,811988 501,660464 7730,065419 7
769,296948 603,483515 7733,549835 5
772,881917 403,204057 7738,233733 7
728,293351 485,543634 7746,600693 5
728,786711 557,516362 7751,005115 1
809,859957 600,433240 7768,519177 9
718,687386 488,731316 7769,414755 3
749,265347 499,032125 7780,730693 7
781,485691 582,408909 7781,521143 5
878,459004 415,910456 7785,299087 9
740,779085 450,452219 7793,445210 8
904,708154 428,145802 7801,510948 6
822,172332 594,740356 7813,609473 9
913,927783 445,275358 7820,328327 10
741,094749 436,437662 7834,373071 8
945,915021 523,140258 7835,000494 6
852,173074 420,290390 7845,179335 4
772,717831 593,462577 7846,098466 2
892,674022 525,703929 7895,301937 2
849,545280 590,047734 7898,844231 2
751,090722 569,221569 7909,659707 4
898,705195 410,214903 7920,802040 7
756,049064 425,149141 7922,848862 9
831,088265 578,262778 7927,447163 5
886,103924 493,465598 7931,145724 3
707,178457 530,304100 7934,738267 2
842,023601 599,400389 7941,297153 6
756,506220 450,741298 7949,458927 6
813,409063 388,269576 7954,267148 1
882,818360 425,122233 8011,292795 2
874,567602 562,817100 8021,104038 7
819,044216 408,650232 8063,900772 10
905,762156 555,199478 8069,693322 7
896,442531 530,257049 8083,989611 3
711,410407 471,523073 8084,509321 3
913,646099 445,459329 8085,412970 10
710,081761 495,731889 8100,395512 1
879,692811 548,410851 8102,295088 7
827,839787 387,438599 8113,778059 1
743,173373 417,530204 8127,737015 7
852,990034 542,912787 8136,534555 9
775,798807 431,746821 8140,663571 6
782,456394 411,275786 8160,105675 2
778,455477 580,735666 8168,998597 10
711,548459 526,620212 8190,667282 3
717,056744 552,477585 8202,752397 2
752,756619 552,813379 8207,307152 4
742,577530 430,612765 8217,935379 2
697,703694 490,702595 8219,816553 2
857,286037 421,459531 8239,986000 7
904,456199 507,031678 8240,119605 3
920,417226 544,352766 8252,812147 2
715,270390 502,580361 8257,928621 3
799,005333 390,227308 8278,808779 9
775,035358 396,758263 8285,848912 7
833,821492 408,060306 8289,531658 3
879,758333 575,382919 8312,633447 3
723,548616 541,986596 8319,924175 5
723,762739 509,037399 8320,566272 4
910,389203 552,410860 8323,009051 2
861,917339 587,768121 8338,433483 1
752,047456 596,732780 8340,238293 10
716,495150 453,448714 8344,537979 8
920,359252 545,456109 8346,339483 6
767,336450 410,044581 8374,116098 7
878,063606 610,480131 8375,421721 1
902,009540 503,520424 8409,564047 4
713,621976 494,946175 8427,585149 4
741,286930 533,456643 8439,621590 5
871,253619 544,809858 8443,676514 7
796,030514 601,224343 8447,455441 4
708,368691 551,520641 8450,349069 1
846,059395 606,532998 8452,135015 5
864,142953 393,521935 8477,010405 1
891,392505 570,033193 8481,948975 4
797,518955 398,586888 8497,412359 1
737,665145 438,245759 8504,762895 6
787,802311 609,306741 8505,898469 4
873,873469 436,871211 8523,396680 7
781,916676 384,870402 8542,126344 1
853,148615 589,157410 8544,296398 1
847,844769 590,371765 8571,602440 10
762,327050 561,666937 8584,402055 9
926,893045 517,281535 8598,510114 10
744,746105 553,951936 8599,797635 8
889,832650 459,933509 8632,898624 7
862,388753 582,965405 8644,710067 5
882,470753 581,608170 8645,771178 2
819,249172 578,477127 8667,108301 6
725,396305 473,435867 8675,525920 3
719,298410 500,915482 8694,079930 5
785,917997 560,396990 8706,068901 7
870,725543 565,364873 8707,267501 4
903,940758 431,841061 8726,763042 9
912,668676 466,407172 8731,011363 4
777,803395 388,338432 8735,416607 4
692,535525 512,550666 8793,434034 3
937,103190 571,390199 8831,295876 5
929,933798 483,814550 8863,523916 1
876,242319 572,934613 8863,985798 6
706,638014 496,126477 8865,251956 10
788,372439 415,923483 8872,262295 2
869,682618 452,895832 8879,584206 3
739,769167 516,013463 8883,291721 1
851,367636 564,215631 8899,608820 7
885,220523 600,638732 8908,966698 7
795,135714 579,025826 8912,689063 3
782,227952 390,500393 8921,653672 3
905,956628 521,019507 8929,937268 5
897,828281 456,576956 8930,834003 4
923,419736 463,080430 8939,456347 7
733,697283 451,082193 8942,302595 4
692,241159 521,665424 8947,773116 9
801,491547 381,576955 8961,496737 6
787,681182 593,454926 8969,888697 6
810,358321 393,394833 8972,145661 1
833,883799 561,608797 8979,384286 2
705,012433 512,004381 8981,071219 3
775,660180 441,232716 8987,587703 4
889,743489 457,061006 8997,253079 10
746,010989 451,889306 8998,874095 10
767,895177 394,867792 8999,933872 9
902,834914 470,958777 9005,389758 8
760,152175 382,190739 9015,575541 8
760,887450 389,068291 9022,677964 2
716,149957 557,089907 9028,814432 7
781,263376 426,158963 9054,785971 9
797,128501 594,784041 9061,475694 6
834,943949 581,964314 9069,176705 10
734,915246 483,758513 9075,517361 9
805,665041 396,487829 9081,918296 8
741,471709 536,461419 9083,960882 8
715,787247 441,419529 9097,259894 1
685,951251 519,014921 9108,451087 9
760,900797 447,476062 9110,732056 1
840,625252 410,949315 9124,033311 7
712,313866 504,573258 9142,158984 1
828,694448 602,244877 9147,153691 2
723,466094 452,382517 9147,833313 5
712,609269 472,945704 9162,998908 5
731,497753 442,552639 9174,518828 2
876,721404 552,491823 9176,909036 5
841,021104 598,445863 9184,299913 7
735,320063 439,348264 9197,623498 2
909,752876 549,670745 9215,238646 3
752,517040 452,273417 9220,338716 7
830,932085 580,797427 9224,003722 10
842,881118 410,449386 9255,555603 4
813,568963 598,052373 9256,537642 10
912,636887 437,437942 9271,420741 5
754,190385 468,006920 9284,994812 6
914,589055 521,703422 9288,016475 4
751,108491 411,346922 9299,007024 8
865,105431 382,858164 9303,025940 5
741,068516 432,410958 9306,430168 3
845,469354 404,721391 9344,696901 10
849,863967 590,368408 9371,171977 6
885,667251 538,066059 9377,102455 8
925,741163 474,581691 9381,772277 6
846,450889 585,038448 9397,535283 2
784,427496 391,032561 9419,578418 6
839,917875 581,971729 9434,997752 4
784,984377 594,038384 9439,779555 10
741,332836 377,166944 9441,240136 1
717,798199 512,059129 9455,859467 8
702,722494 515,344912 9465,361861 10
716,563763 563,005920 9469,220736 7
889,905599 448,413657 9471,332313 2
917,699095 518,760173 9495,159725 10
878,574956 399,006755 9505,514052 8
819,688763 611,788526 9509,104190 3
751,377327 410,781662 9510,768917 3
720,419260 476,575946 9526,043169 7
917,999924 478,971487 9528,510534 5
814,768154 442,892191 9540,974735 4
723,172738 452,020290 9576,755765 1
811,211955 613,535584 9578,157751 4
864,900123 568,307944 9589,927781 7
867,792052 544,229235 9600,390519 5
920,220294 548,403138 9606,857857 10
760,594441 417,394278 9630,823169 5
728,071780 462,859658 9631,619922 4
920,114091 495,611631 9632,626456 6
712,953675 476,439360 9639,757168 4
924,923993 454,852203 9645,116678 2
787,948931 603,633077 9658,677568 5
818,539283 596,388257 9658,896514 3
759,470342 521,179427 9675,712865 5
819,646240 393,645073 9688,875120 4
901,899540 452,036870 9708,002284 2
929,696848 507,598877 9708,336985 3
850,899178 588,346066 9720,996993 6
744,976141 400,751231 9738,738782 9
733,903550 468,453204 9741,619232 2
925,132734 458,546793 9743,366499 5
705,805946 475,562669 9755,318667 7
775,301937 436,721990 9770,231305 8
894,587080 601,142768 9790,379645 10
880,046909 436,501604 9805,262986 7
891,950066 584,644988 9832,582340 7
872,168479 439,267046 9861,020163 10
757,364182 581,714695 9869,771839 1
742,397216 567,385637 9895,199057 4
895,261455 455,861723 9899,759723 2
911,642620 548,280084 9901,670821 10
752,682373 588,447021 9912,084509 8
897,814952 546,431440 9920,698498 8
873,235205 392,310609 9924,456935 1
766,307040 413,582377 9928,959356 4
741,500826 565,209903 9948,338397 5
881,489480 426,080780 9975,250271 10
871,348560 410,631708 9991,049459 9
