2 1000
400,000000 300,000000
100,000000 300,000000
399,791991 386,461800 0,000000 1
399,993131 199,995019 500,000000 1
409,187978 401,675758 1000,000000 1
396,637699 196,016917 1500,000000 1
401,111857 399,196448 2000,000000 1
396,084049 193,146791 2500,000000 1
400,405215 403,088666 3000,000000 1
403,302911 207,354921 3500,000000 1
394,879165 398,412571 4000,000000 1
389,978194 202,578711 4500,000000 1
409,144747 391,531386 5000,000000 1
399,969276 192,702212 5500,000000 1
405,472708 399,536612 6000,000000 1
400,916662 199,820066 6500,000000 1
400,157401 400,358226 7000,000000 1
406,148727 199,899742 7500,000000 1
396,714746 412,262505 8000,000000 1
407,851221 197,925232 8500,000000 1
399,960061 399,344435 9000,000000 1
413,913576 201,961496 9500,000000 1
398,900265 401,070101 10000,000000 1
387,579187 206,351984 10500,000000 1
399,796082 396,981439 11000,000000 1
397,047439 211,633952 11500,000000 1
410,126546 413,274159 12000,000000 1
390,350563 200,254080 12500,000000 1
399,204858 388,653799 13000,000000 1
404,078579 204,802432 13500,000000 1
396,920294 401,932411 14000,000000 1
416,296014 202,364149 14500,000000 1
409,662235 411,059104 15000,000000 1
400,150179 189,777750 15500,000000 1
403,941557 395,827321 16000,000000 1
403,183831 207,567805 16500,000000 1
394,879962 401,634146 17000,000000 1
393,359172 197,763181 17500,000000 1
396,567275 388,590199 18000,000000 1
392,381900 196,129048 18500,000000 1
389,204132 378,369782 19000,000000 1
404,657181 201,347374 19500,000000 1
411,598207 405,869058 20000,000000 1
411,856662 194,901044 20500,000000 1
399,304057 398,709983 21000,000000 1
393,022948 208,335695 21500,000000 1
405,130912 403,107438 22000,000000 1
393,927906 198,274278 22500,000000 1
423,463564 404,676575 23000,000000 1
400,349021 198,727721 23500,000000 1
396,513710 406,320845 24000,000000 1
402,653243 207,544330 24500,000000 1
401,209851 401,145417 25000,000000 1
389,822860 217,676908 25500,000000 1
390,857139 410,095246 26000,000000 1
407,793976 189,577789 26500,000000 1
399,431516 403,581527 27000,000000 1
397,305188 195,471862 27500,000000 1
388,713233 392,534287 28000,000000 1
396,666166 197,913053 28500,000000 1
395,165128 395,666786 29000,000000 1
400,036399 199,971136 29500,000000 1
386,813255 402,025880 30000,000000 1
398,280381 213,192540 30500,000000 1
402,226944 398,629338 31000,000000 1
397,936881 208,170082 31500,000000 1
405,172346 402,244572 32000,000000 1
402,319631 194,320595 32500,000000 1
396,681546 400,117181 33000,000000 1
398,547285 196,294665 33500,000000 1
394,405096 401,013855 34000,000000 1
404,530058 193,342163 34500,000000 1
417,230179 382,573930 35000,000000 1
407,885826 198,102783 35500,000000 1
398,382903 397,830902 36000,000000 1
399,574720 207,312827 36500,000000 1
396,138523 405,053783 37000,000000 1
404,715148 191,032252 37500,000000 1
400,968369 403,998688 38000,000000 1
396,463031 202,075343 38500,000000 1
401,101183 401,942185 39000,000000 1
396,091209 211,696220 39500,000000 1
409,284656 397,558155 40000,000000 1
392,809414 184,464945 40500,000000 1
400,108461 397,321460 41000,000000 1
398,090032 198,379864 41500,000000 1
398,520916 400,841319 42000,000000 1
398,724725 205,304583 42500,000000 1
404,104730 402,946480 43000,000000 1
397,926962 186,413434 43500,000000 1
394,357554 400,403564 44000,000000 1
402,921477 201,251033 44500,000000 1
401,297755 390,389655 45000,000000 1
398,201186 200,420501 45500,000000 1
388,067688 403,152999 46000,000000 1
398,739987 200,511731 46500,000000 1
392,705700 406,205320 47000,000000 1
392,475625 195,747610 47500,000000 1
411,072197 402,289708 48000,000000 1
398,821130 192,535984 48500,000000 1
400,929818 399,945732 49000,000000 1
410,340955 190,608513 49500,000000 1
401,008420 401,021817 50000,000000 1
374,962704 188,565521 50500,000000 1
401,827535 400,377367 51000,000000 1
400,715780 191,686822 51500,000000 1
403,623204 394,879478 52000,000000 1
398,484171 198,200689 52500,000000 1
401,878553 405,348073 53000,000000 1
405,966094 203,585084 53500,000000 1
411,779155 389,401970 54000,000000 1
402,947213 203,705737 54500,000000 1
397,344194 399,411879 55000,000000 1
403,529404 205,158345 55500,000000 1
399,887594 402,980055 56000,000000 1
400,441252 199,492076 56500,000000 1
386,720561 390,644702 57000,000000 1
399,290732 201,898316 57500,000000 1
397,364605 398,346793 58000,000000 1
403,228744 202,894595 58500,000000 1
397,886684 403,177703 59000,000000 1
389,226964 195,819748 59500,000000 1
393,128729 400,752539 60000,000000 1
399,091417 196,144779 60500,000000 1
395,897096 400,982280 61000,000000 1
396,817882 203,981537 61500,000000 1
388,915420 396,336972 62000,000000 1
396,201451 199,290959 62500,000000 1
398,626811 394,295927 63000,000000 1
396,517748 202,481124 63500,000000 1
403,114070 402,724348 64000,000000 1
400,385852 199,110848 64500,000000 1
385,003325 401,152492 65000,000000 1
398,631965 198,692765 65500,000000 1
399,417455 399,544851 66000,000000 1
395,873677 198,468564 66500,000000 1
400,976783 397,611943 67000,000000 1
377,830172 198,471386 67500,000000 1
389,982863 402,796385 68000,000000 1
404,151349 224,451386 68500,000000 1
404,149867 397,616998 69000,000000 1
398,638267 197,860358 69500,000000 1
398,305350 405,693899 70000,000000 1
393,600997 210,297402 70500,000000 1
401,256127 399,315957 71000,000000 1
403,138634 186,611252 71500,000000 1
377,827757 411,673965 72000,000000 1
403,465317 196,367202 72500,000000 1
399,426187 394,431558 73000,000000 1
400,601353 188,958561 73500,000000 1
407,721150 404,310458 74000,000000 1
399,580842 200,522580 74500,000000 1
408,691754 409,007229 75000,000000 1
404,029618 199,348614 75500,000000 1
408,476546 399,382920 76000,000000 1
383,699336 201,709909 76500,000000 1
397,915668 391,635427 77000,000000 1
410,101475 204,322025 77500,000000 1
383,153303 392,546879 78000,000000 1
403,051138 200,348160 78500,000000 1
401,350056 399,044391 79000,000000 1
401,006663 197,371012 79500,000000 1
405,302442 396,822520 80000,000000 1
406,623795 202,723361 80500,000000 1
404,864798 394,860478 81000,000000 1
399,555649 200,691803 81500,000000 1
383,590408 393,695763 82000,000000 1
407,108237 194,904920 82500,000000 1
412,141429 398,448286 83000,000000 1
406,141358 203,913079 83500,000000 1
395,197715 397,178462 84000,000000 1
405,862403 200,754264 84500,000000 1
391,417602 397,955831 85000,000000 1
403,159199 202,439076 85500,000000 1
398,640007 406,528541 86000,000000 1
397,623003 188,432058 86500,000000 1
401,913138 398,200837 87000,000000 1
407,456694 199,053844 87500,000000 1
399,040934 407,595344 88000,000000 1
405,506893 197,340736 88500,000000 1
435,474843 401,234991 89000,000000 1
400,915306 201,618311 89500,000000 1
405,816294 410,647093 90000,000000 1
404,377467 198,287113 90500,000000 1
390,973844 407,139255 91000,000000 1
401,233442 196,750173 91500,000000 1
395,714454 399,101278 92000,000000 1
411,849552 202,263024 92500,000000 1
400,166413 400,130610 93000,000000 1
385,610711 189,861606 93500,000000 1
405,205680 401,701490 94000,000000 1
400,255734 200,165907 94500,000000 1
385,834695 397,162721 95000,000000 1
404,961611 207,003890 95500,000000 1
398,000580 406,110511 96000,000000 1
403,909622 190,560647 96500,000000 1
395,003811 406,058265 97000,000000 1
396,118367 207,038439 97500,000000 1
409,390419 386,714987 98000,000000 1
395,681167 197,519763 98500,000000 1
383,886568 411,684166 99000,000000 1
396,875189 198,121103 99500,000000 1
399,412286 400,422347 100000,000000 1
420,604402 185,652236 100500,000000 1
393,298969 404,372771 101000,000000 1
400,737309 204,397894 101500,000000 1
403,757064 389,048398 102000,000000 1
400,084057 200,482152 102500,000000 1
400,170145 399,656183 103000,000000 1
395,641701 199,791862 103500,000000 1
396,372966 408,000805 104000,000000 1
400,372752 197,968035 104500,000000 1
404,870569 393,772738 105000,000000 1
398,829756 192,321793 105500,000000 1
391,330156 401,316068 106000,000000 1
398,330019 202,781358 106500,000000 1
396,645677 403,262609 107000,000000 1
404,385413 197,796504 107500,000000 1
397,481063 393,110597 108000,000000 1
392,056073 214,514818 108500,000000 1
394,302303 397,103583 109000,000000 1
403,096036 197,319759 109500,000000 1
387,509236 404,185366 110000,000000 1
400,487268 198,131121 110500,000000 1
403,436620 413,987379 111000,000000 1
397,192394 189,766520 111500,000000 1
385,114222 414,971850 112000,000000 1
402,276949 192,782936 112500,000000 1
399,880435 399,104589 113000,000000 1
406,265008 215,563416 113500,000000 1
397,864211 402,493269 114000,000000 1
404,166948 189,849459 114500,000000 1
401,529003 399,799583 115000,000000 1
398,316785 200,773109 115500,000000 1
409,909610 405,932532 116000,000000 1
396,851511 198,669004 116500,000000 1
405,645072 397,639745 117000,000000 1
408,157869 207,628473 117500,000000 1
398,987744 400,641481 118000,000000 1
388,911462 192,485863 118500,000000 1
400,090395 399,765983 119000,000000 1
397,098337 204,792956 119500,000000 1
399,065211 397,325858 120000,000000 1
391,952455 179,009403 120500,000000 1
401,426961 410,209718 121000,000000 1
399,713470 197,489664 121500,000000 1
393,446473 401,636739 122000,000000 1
400,017621 199,923183 122500,000000 1
399,083086 400,559770 123000,000000 1
399,819188 200,173509 123500,000000 1
386,726567 394,670559 124000,000000 1
403,854610 194,407912 124500,000000 1
399,911702 399,963538 125000,000000 1
404,549930 200,890972 125500,000000 1
400,029707 400,024419 126000,000000 1
406,433190 187,949512 126500,000000 1
409,054927 406,326707 127000,000000 1
404,683062 215,232683 127500,000000 1
403,160890 368,104972 128000,000000 1
395,916572 196,999968 128500,000000 1
400,085479 399,979652 129000,000000 1
400,598148 188,546127 129500,000000 1
399,662735 399,791465 130000,000000 1
405,202066 190,148834 130500,000000 1
399,453478 398,522525 131000,000000 1
412,828095 211,398337 131500,000000 1
379,584460 399,528000 132000,000000 1
394,959805 200,673657 132500,000000 1
400,356933 400,354132 133000,000000 1
404,154650 193,614971 133500,000000 1
395,514363 410,237837 134000,000000 1
392,443556 189,892388 134500,000000 1
397,609259 402,424298 135000,000000 1
393,546486 199,251559 135500,000000 1
401,480723 403,220795 136000,000000 1
391,554232 207,102188 136500,000000 1
399,438151 395,626447 137000,000000 1
386,370221 198,348574 137500,000000 1
397,418653 396,034000 138000,000000 1
401,216413 200,119571 138500,000000 1
392,023859 405,214552 139000,000000 1
406,992919 190,092886 139500,000000 1
397,982361 413,986532 140000,000000 1
400,201964 200,161145 140500,000000 1
404,768031 391,573905 141000,000000 1
401,884663 198,717196 141500,000000 1
409,526717 396,241938 142000,000000 1
391,908355 200,417567 142500,000000 1
398,418460 401,289910 143000,000000 1
397,437114 200,825512 143500,000000 1
404,122309 392,814943 144000,000000 1
394,675429 206,650273 144500,000000 1
397,888572 401,043021 145000,000000 1
400,347935 199,093495 145500,000000 1
405,910484 405,372337 146000,000000 1
378,382311 197,227512 146500,000000 1
390,258814 407,251244 147000,000000 1
397,900995 201,424047 147500,000000 1
402,120130 413,015449 148000,000000 1
397,072249 200,277395 148500,000000 1
391,469546 407,978228 149000,000000 1
397,216190 211,880888 149500,000000 1
389,815880 421,177142 150000,000000 1
419,754581 212,820224 150500,000000 1
404,252962 403,755268 151000,000000 1
400,786096 199,863450 151500,000000 1
419,511411 405,885262 152000,000000 1
400,554241 200,587516 152500,000000 1
403,212570 393,131066 153000,000000 1
399,405740 201,547288 153500,000000 1
401,226889 398,669362 154000,000000 1
397,951031 205,809835 154500,000000 1
390,054249 406,133417 155000,000000 1
394,990132 194,402860 155500,000000 1
401,733708 377,703333 156000,000000 1
404,084153 186,698979 156500,000000 1
410,302246 396,877668 157000,000000 1
397,543905 201,015811 157500,000000 1
400,271178 399,141791 158000,000000 1
406,305004 197,415005 158500,000000 1
398,622748 403,982109 159000,000000 1
405,463926 197,270584 159500,000000 1
402,485067 394,055701 160000,000000 1
399,740352 196,093396 160500,000000 1
398,365582 403,242290 161000,000000 1
397,004468 203,321841 161500,000000 1
399,019850 402,151497 162000,000000 1
401,023015 200,306304 162500,000000 1
383,192827 407,330435 163000,000000 1
400,648494 193,673742 163500,000000 1
405,325160 404,767526 164000,000000 1
381,469333 207,148359 164500,000000 1
394,019567 391,294542 165000,000000 1
396,196712 199,756325 165500,000000 1
398,696207 409,738877 166000,000000 1
400,322151 204,270011 166500,000000 1
417,751337 390,757830 167000,000000 1
375,686983 206,426331 167500,000000 1
387,848373 390,830195 168000,000000 1
405,226848 200,278055 168500,000000 1
403,561267 407,790781 169000,000000 1
403,404613 196,234483 169500,000000 1
398,673246 401,373525 170000,000000 1
408,620769 200,071668 170500,000000 1
421,302178 415,088336 171000,000000 1
391,799412 201,828249 171500,000000 1
389,003756 393,777326 172000,000000 1
404,837454 216,700274 172500,000000 1
410,187006 410,514767 173000,000000 1
397,806961 206,976772 173500,000000 1
406,089687 389,850490 174000,000000 1
395,732625 194,960197 174500,000000 1
409,321258 398,204912 175000,000000 1
383,989046 200,721276 175500,000000 1
390,324834 388,814541 176000,000000 1
393,569026 199,965544 176500,000000 1
398,654883 405,591247 177000,000000 1
399,242585 207,613381 177500,000000 1
393,890060 396,040176 178000,000000 1
399,380279 200,968390 178500,000000 1
413,421512 395,086290 179000,000000 1
402,014559 197,800887 179500,000000 1
401,883212 402,509512 180000,000000 1
399,404139 200,246035 180500,000000 1
411,428291 401,869356 181000,000000 1
398,902807 197,819203 181500,000000 1
403,641532 394,802024 182000,000000 1
400,035351 202,265975 182500,000000 1
384,025363 401,975358 183000,000000 1
406,355421 197,834895 183500,000000 1
400,670737 400,582979 184000,000000 1
399,997587 200,001673 184500,000000 1
397,720709 398,686548 185000,000000 1
391,323795 203,129561 185500,000000 1
401,704401 402,923068 186000,000000 1
397,485060 201,866784 186500,000000 1
399,712814 401,111367 187000,000000 1
393,353184 200,161792 187500,000000 1
395,772412 401,271070 188000,000000 1
402,217065 198,555351 188500,000000 1
410,610915 402,153595 189000,000000 1
401,759652 198,469716 189500,000000 1
380,275936 393,264693 190000,000000 1
406,206334 198,920087 190500,000000 1
405,037800 400,149432 191000,000000 1
396,328119 193,945296 191500,000000 1
409,162041 404,831029 192000,000000 1
393,036935 198,266767 192500,000000 1
400,578867 400,181882 193000,000000 1
397,186381 200,182830 193500,000000 1
400,081412 400,017449 194000,000000 1
403,863943 208,207346 194500,000000 1
400,121571 401,134674 195000,000000 1
398,348398 200,925931 195500,000000 1
403,162451 399,548488 196000,000000 1
400,874518 196,887197 196500,000000 1
394,768167 397,810992 197000,000000 1
404,238089 205,002044 197500,000000 1
400,593871 401,480928 198000,000000 1
398,388825 201,913790 198500,000000 1
408,726411 391,027552 199000,000000 1
405,140159 199,116791 199500,000000 1
402,852633 401,850064 200000,000000 1
403,422909 188,435138 200500,000000 1
405,418728 402,499278 201000,000000 1
396,136304 182,990544 201500,000000 1
390,418084 409,465372 202000,000000 1
399,237443 213,652974 202500,000000 1
422,563504 385,120819 203000,000000 1
394,195871 197,850023 203500,000000 1
418,816772 401,119978 204000,000000 1
409,792627 214,603463 204500,000000 1
382,412121 406,209991 205000,000000 1
401,185457 186,940507 205500,000000 1
408,021097 395,408348 206000,000000 1
387,549739 198,937382 206500,000000 1
408,508253 389,941628 207000,000000 1
399,449253 212,605544 207500,000000 1
416,193896 399,128132 208000,000000 1
397,487929 215,155991 208500,000000 1
397,592970 399,214879 209000,000000 1
398,677182 199,706440 209500,000000 1
390,341552 400,010248 210000,000000 1
406,182489 207,420602 210500,000000 1
396,808122 401,703288 211000,000000 1
382,939047 200,627978 211500,000000 1
392,766376 397,008619 212000,000000 1
399,108223 201,753268 212500,000000 1
405,368968 388,770668 213000,000000 1
397,971750 187,625589 213500,000000 1
404,502497 404,291278 214000,000000 1
373,693251 186,126913 214500,000000 1
392,237527 407,827959 215000,000000 1
385,415862 189,239081 215500,000000 1
402,373932 395,680905 216000,000000 1
400,244631 199,329137 216500,000000 1
392,552409 416,237125 217000,000000 1
389,054018 202,384395 217500,000000 1
397,906698 408,319896 218000,000000 1
397,374480 202,639527 218500,000000 1
399,931469 398,024826 219000,000000 1
412,273863 190,999690 219500,000000 1
416,331158 401,293924 220000,000000 1
392,654532 187,861814 220500,000000 1
397,144466 398,679427 221000,000000 1
410,438901 190,833296 221500,000000 1
402,010174 394,830363 222000,000000 1
389,621226 193,941940 222500,000000 1
403,980957 408,047470 223000,000000 1
397,280545 198,325123 223500,000000 1
400,160458 400,095051 224000,000000 1
397,625488 208,780726 224500,000000 1
397,057752 420,343484 225000,000000 1
403,179349 200,911867 225500,000000 1
402,923213 397,528208 226000,000000 1
379,812320 196,170395 226500,000000 1
401,167217 388,953342 227000,000000 1
391,805434 205,082222 227500,000000 1
398,855612 411,457120 228000,000000 1
398,275901 190,173162 228500,000000 1
400,449428 398,106146 229000,000000 1
397,872104 209,234434 229500,000000 1
399,148702 400,325812 230000,000000 1
393,329630 204,036734 230500,000000 1
408,067448 393,597923 231000,000000 1
398,391472 196,220279 231500,000000 1
400,285842 400,226106 232000,000000 1
399,351647 198,039820 232500,000000 1
400,685333 410,948078 233000,000000 1
400,857319 201,262924 233500,000000 1
400,462581 398,716139 234000,000000 1
404,251116 208,651479 234500,000000 1
407,176262 398,779649 235000,000000 1
398,485512 198,977684 235500,000000 1
395,352069 409,265168 236000,000000 1
407,352380 198,784303 236500,000000 1
402,544084 410,758184 237000,000000 1
393,520219 197,651157 237500,000000 1
391,382120 395,196319 238000,000000 1
400,122424 200,030895 238500,000000 1
400,137744 399,846128 239000,000000 1
401,123497 209,997929 239500,000000 1
398,059548 394,057297 240000,000000 1
408,485492 198,935172 240500,000000 1
402,435529 403,731898 241000,000000 1
400,209621 198,591318 241500,000000 1
397,317594 383,012069 242000,000000 1
397,979445 201,875831 242500,000000 1
400,289459 374,611726 243000,000000 1
404,785800 203,170468 243500,000000 1
395,176904 400,275343 244000,000000 1
403,550315 204,337795 244500,000000 1
418,380386 399,438177 245000,000000 1
380,193911 205,835076 245500,000000 1
396,839328 391,545675 246000,000000 1
389,023405 198,044690 246500,000000 1
402,361378 402,613504 247000,000000 1
395,608364 196,883327 247500,000000 1
407,392405 395,314144 248000,000000 1
403,753834 199,739794 248500,000000 1
401,313093 421,487139 249000,000000 1
394,298589 202,231030 249500,000000 1
389,426169 398,717046 250000,000000 1
400,646065 213,056623 250500,000000 1
380,000895 399,057317 251000,000000 1
399,995297 200,005831 251500,000000 1
392,222755 394,009320 252000,000000 1
398,012088 210,745766 252500,000000 1
385,078826 390,413843 253000,000000 1
404,352369 200,737041 253500,000000 1
406,256289 416,945291 254000,000000 1
400,293292 200,667272 254500,000000 1
396,154844 392,516853 255000,000000 1
400,178841 200,051052 255500,000000 1
404,210558 406,409153 256000,000000 1
400,639648 197,425159 256500,000000 1
398,947693 400,525526 257000,000000 1
405,014333 199,516936 257500,000000 1
400,137365 400,362966 258000,000000 1
398,811647 200,014444 258500,000000 1
406,004702 398,123176 259000,000000 1
401,812261 195,566816 259500,000000 1
400,321391 399,371927 260000,000000 1
400,474777 198,828266 260500,000000 1
401,252432 393,138371 261000,000000 1
403,328620 192,610357 261500,000000 1
398,937770 399,099984 262000,000000 1
400,581432 201,018932 262500,000000 1
393,403351 401,507999 263000,000000 1
401,523576 187,142990 263500,000000 1
416,915706 408,070590 264000,000000 1
399,133070 202,922654 264500,000000 1
397,472797 405,844217 265000,000000 1
412,285072 189,687256 265500,000000 1
396,437263 399,999848 266000,000000 1
408,298626 214,305756 266500,000000 1
400,941977 399,630998 267000,000000 1
401,817756 195,217415 267500,000000 1
400,126889 400,390194 268000,000000 1
418,389696 202,878604 268500,000000 1
400,369223 408,931651 269000,000000 1
409,136396 199,572539 269500,000000 1
398,639534 393,002723 270000,000000 1
392,244343 195,984215 270500,000000 1
396,427985 402,689485 271000,000000 1
399,698244 197,222843 271500,000000 1
400,160245 405,267536 272000,000000 1
402,873634 205,929882 272500,000000 1
401,554604 400,653499 273000,000000 1
403,384663 196,041362 273500,000000 1
400,436954 406,545369 274000,000000 1
400,494916 200,579693 274500,000000 1
391,946617 416,207617 275000,000000 1
397,888029 203,515553 275500,000000 1
401,614691 402,556001 276000,000000 1
409,783606 216,528083 276500,000000 1
402,672245 394,816935 277000,000000 1
399,275172 207,014319 277500,000000 1
403,217209 400,488277 278000,000000 1
398,519302 205,725664 278500,000000 1
414,838028 389,610190 279000,000000 1
404,329220 208,470890 279500,000000 1
396,645825 407,833743 280000,000000 1
403,552499 199,626904 280500,000000 1
398,869604 400,423998 281000,000000 1
407,055796 204,932907 281500,000000 1
405,318042 394,039933 282000,000000 1
401,261747 194,650993 282500,000000 1
404,840510 398,815171 283000,000000 1
391,172926 198,011855 283500,000000 1
398,581236 398,857480 284000,000000 1
400,991600 203,927854 284500,000000 1
400,087825 399,443835 285000,000000 1
383,459766 191,496159 285500,000000 1
399,538148 400,346987 286000,000000 1
401,575732 199,659964 286500,000000 1
397,362321 399,707802 287000,000000 1
415,374001 202,491785 287500,000000 1
402,124981 401,551218 288000,000000 1
415,575655 200,911623 288500,000000 1
418,783693 398,814885 289000,000000 1
405,311436 196,968294 289500,000000 1
392,917899 402,063027 290000,000000 1
400,793992 199,414263 290500,000000 1
399,417522 399,585502 291000,000000 1
409,124730 204,248715 291500,000000 1
400,761922 403,096540 292000,000000 1
395,515925 200,905252 292500,000000 1
405,106389 409,207465 293000,000000 1
413,511704 208,823226 293500,000000 1
402,357223 402,396286 294000,000000 1
393,463759 189,885161 294500,000000 1
397,815852 398,753596 295000,000000 1
403,120587 201,306541 295500,000000 1
397,905464 396,402025 296000,000000 1
403,719618 194,991122 296500,000000 1
392,469229 388,419257 297000,000000 1
399,662141 194,428284 297500,000000 1
419,727471 379,639158 298000,000000 1
395,235835 193,871576 298500,000000 1
400,543436 399,835857 299000,000000 1
393,901031 207,828338 299500,000000 1
398,468860 400,196795 300000,000000 1
398,504895 201,115956 300500,000000 1
397,558785 389,592055 301000,000000 1
403,931798 190,404483 301500,000000 1
381,519747 386,677852 302000,000000 1
398,123490 199,568301 302500,000000 1
401,025757 402,561292 303000,000000 1
402,249658 207,452098 303500,000000 1
401,545190 402,342730 304000,000000 1
411,957933 207,739662 304500,000000 1
391,254603 395,029838 305000,000000 1
408,627373 199,967265 305500,000000 1
401,666295 399,611047 306000,000000 1
398,924859 198,500194 306500,000000 1
402,433074 400,661721 307000,000000 1
394,371094 197,220390 307500,000000 1
401,487471 397,576026 308000,000000 1
400,875741 197,452330 308500,000000 1
395,715444 395,612442 309000,000000 1
403,912079 198,974455 309500,000000 1
399,149687 399,228301 310000,000000 1
398,401571 202,043572 310500,000000 1
400,626430 396,242422 311000,000000 1
403,654815 193,630823 311500,000000 1
400,746256 399,912330 312000,000000 1
406,875394 187,277009 312500,000000 1
386,634374 386,938161 313000,000000 1
394,698291 198,328606 313500,000000 1
398,378389 405,142276 314000,000000 1
399,592622 199,327221 314500,000000 1
392,849577 398,686429 315000,000000 1
399,040112 199,812577 315500,000000 1
399,068514 399,834708 316000,000000 1
402,611209 207,355335 316500,000000 1
407,907873 396,637642 317000,000000 1
412,588949 203,178139 317500,000000 1
393,337750 404,624047 318000,000000 1
396,583567 205,485910 318500,000000 1
401,953191 402,097590 319000,000000 1
405,905340 199,799031 319500,000000 1
395,585987 393,748672 320000,000000 1
395,530401 207,913643 320500,000000 1
407,571887 421,484829 321000,000000 1
398,687588 196,042259 321500,000000 1
383,880843 399,370044 322000,000000 1
400,155034 200,571185 322500,000000 1
415,856265 419,115641 323000,000000 1
400,355222 200,202450 323500,000000 1
390,916862 398,099402 324000,000000 1
398,283386 201,518292 324500,000000 1
403,463567 397,059956 325000,000000 1
400,098099 200,997296 325500,000000 1
400,507502 394,742791 326000,000000 1
390,584544 206,846634 326500,000000 1
401,110180 392,232671 327000,000000 1
401,242968 203,689594 327500,000000 1
403,236936 401,496250 328000,000000 1
400,692303 199,541439 328500,000000 1
381,782403 392,492180 329000,000000 1
408,767758 201,152659 329500,000000 1
394,108978 394,271366 330000,000000 1
398,945416 196,857564 330500,000000 1
413,046673 394,424121 331000,000000 1
402,418570 201,837733 331500,000000 1
399,845405 399,679077 332000,000000 1
400,989456 201,516923 332500,000000 1
392,379313 382,530223 333000,000000 1
399,982458 200,137892 333500,000000 1
400,625542 400,107014 334000,000000 1
396,428163 199,885062 334500,000000 1
396,650050 403,739125 335000,000000 1
405,191524 190,493554 335500,000000 1
397,682967 399,595658 336000,000000 1
395,461202 195,809620 336500,000000 1
409,139747 429,022048 337000,000000 1
400,295215 199,176071 337500,000000 1
415,594157 395,646365 338000,000000 1
395,007607 208,720390 338500,000000 1
408,113152 394,499851 339000,000000 1
403,673142 205,313537 339500,000000 1
397,998346 406,201529 340000,000000 1
395,373335 187,686334 340500,000000 1
397,206929 402,254717 341000,000000 1
403,527222 200,205596 341500,000000 1
406,922526 391,912803 342000,000000 1
391,809680 208,684899 342500,000000 1
403,549587 396,098787 343000,000000 1
399,999418 207,006712 343500,000000 1
388,006020 403,386445 344000,000000 1
394,664597 202,242068 344500,000000 1
399,421368 389,545705 345000,000000 1
400,049706 199,728849 345500,000000 1
401,288149 402,023957 346000,000000 1
399,136427 193,326988 346500,000000 1
399,918305 400,053232 347000,000000 1
396,057462 198,282439 347500,000000 1
416,308006 415,580456 348000,000000 1
386,212424 191,881464 348500,000000 1
405,347135 399,596890 349000,000000 1
408,490067 206,866859 349500,000000 1
406,750068 397,125465 350000,000000 1
397,868883 205,661187 350500,000000 1
404,950661 404,511917 351000,000000 1
407,512292 197,106948 351500,000000 1
401,890317 406,832492 352000,000000 1
396,236337 199,243774 352500,000000 1
397,216613 386,783556 353000,000000 1
398,073918 200,098632 353500,000000 1
399,849903 399,630671 354000,000000 1
393,830166 196,960244 354500,000000 1
400,765446 390,018890 355000,000000 1
401,115632 203,997693 355500,000000 1
394,919897 397,998996 356000,000000 1
404,538423 215,231738 356500,000000 1
409,586626 396,750152 357000,000000 1
398,253303 203,040780 357500,000000 1
398,395843 400,318860 358000,000000 1
399,577750 200,530224 358500,000000 1
399,947415 400,658538 359000,000000 1
403,748000 210,796260 359500,000000 1
406,791745 407,335492 360000,000000 1
399,764870 197,481025 360500,000000 1
408,227381 393,962237 361000,000000 1
399,708236 196,766978 361500,000000 1
400,140264 398,966207 362000,000000 1
409,059111 212,543337 362500,000000 1
404,379859 401,233985 363000,000000 1
404,052287 192,767422 363500,000000 1
395,199964 408,823775 364000,000000 1
401,674682 198,941569 364500,000000 1
402,181478 386,723489 365000,000000 1
404,722856 188,181371 365500,000000 1
400,998571 395,919928 366000,000000 1
403,786689 210,987817 366500,000000 1
395,449767 403,672806 367000,000000 1
402,753779 196,034243 367500,000000 1
405,637045 401,500384 368000,000000 1
398,976671 199,431213 368500,000000 1
397,515022 390,680041 369000,000000 1
404,041628 205,142910 369500,000000 1
409,479893 384,808916 370000,000000 1
394,900998 193,638867 370500,000000 1
396,189455 401,899212 371000,000000 1
388,379078 200,564295 371500,000000 1
396,241475 401,386089 372000,000000 1
411,876668 199,220377 372500,000000 1
385,464651 406,120749 373000,000000 1
399,933997 202,466192 373500,000000 1
399,188834 403,681792 374000,000000 1
398,851358 196,031363 374500,000000 1
407,439662 399,957121 375000,000000 1
420,349581 203,445591 375500,000000 1
393,269248 411,557419 376000,000000 1
400,305916 205,240535 376500,000000 1
406,873296 401,604957 377000,000000 1
394,309500 204,949727 377500,000000 1
408,757010 408,373441 378000,000000 1
389,235347 188,128619 378500,000000 1
398,051359 403,371640 379000,000000 1
402,895997 194,441997 379500,000000 1
411,266436 408,704601 380000,000000 1
411,389930 209,665779 380500,000000 1
395,740524 413,051893 381000,000000 1
406,153218 195,896340 381500,000000 1
414,900756 389,141487 382000,000000 1
392,385942 202,977389 382500,000000 1
392,193443 389,659968 383000,000000 1
399,280411 190,692242 383500,000000 1
393,121930 404,562045 384000,000000 1
385,577472 201,932378 384500,000000 1
404,903738 404,314364 385000,000000 1
390,715959 197,807172 385500,000000 1
403,864387 409,966564 386000,000000 1
402,433618 209,128242 386500,000000 1
405,548068 406,773796 387000,000000 1
399,716998 189,258153 387500,000000 1
401,444730 390,601451 388000,000000 1
401,299056 199,193340 388500,000000 1
407,418355 413,344207 389000,000000 1
398,677610 193,364531 389500,000000 1
395,330124 394,760587 390000,000000 1
395,242219 200,043173 390500,000000 1
395,309909 426,866608 391000,000000 1
381,947459 202,620234 391500,000000 1
397,259886 401,992891 392000,000000 1
390,176377 179,476579 392500,000000 1
411,872136 391,250298 393000,000000 1
401,955942 201,763131 393500,000000 1
382,442427 417,645315 394000,000000 1
396,358832 187,664127 394500,000000 1
401,163929 400,331954 395000,000000 1
401,011605 200,744592 395500,000000 1
401,363118 400,934739 396000,000000 1
397,356480 207,149008 396500,000000 1
401,627390 400,432588 397000,000000 1
402,484378 198,470379 397500,000000 1
406,619496 396,701084 398000,000000 1
404,173171 182,980526 398500,000000 1
397,683025 396,379850 399000,000000 1
395,761111 205,653139 399500,000000 1
399,591308 414,116251 400000,000000 1
398,658640 198,299486 400500,000000 1
399,831147 401,941113 401000,000000 1
408,779571 202,432006 401500,000000 1
400,862964 398,875125 402000,000000 1
406,921258 210,250458 402500,000000 1
398,635702 396,388130 403000,000000 1
390,870649 198,929657 403500,000000 1
393,737740 407,582721 404000,000000 1
389,162098 197,357519 404500,000000 1
404,628765 399,171054 405000,000000 1
400,030767 202,021609 405500,000000 1
389,095862 402,463734 406000,000000 1
407,918680 201,504274 406500,000000 1
403,496473 406,754166 407000,000000 1
400,091283 195,503565 407500,000000 1
399,980379 400,005019 408000,000000 1
399,437376 202,679643 408500,000000 1
405,573172 403,378610 409000,000000 1
400,670088 200,051805 409500,000000 1
401,250327 395,397619 410000,000000 1
403,100785 191,956099 410500,000000 1
399,683354 388,140949 411000,000000 1
397,784420 209,015369 411500,000000 1
391,419923 399,109775 412000,000000 1
387,336601 197,132918 412500,000000 1
405,042090 403,009808 413000,000000 1
402,118941 201,857240 413500,000000 1
390,966604 392,879309 414000,000000 1
405,691854 199,889684 414500,000000 1
395,247214 414,452810 415000,000000 1
398,936486 198,908543 415500,000000 1
397,712985 404,698394 416000,000000 1
411,434890 207,036222 416500,000000 1
402,456816 399,806561 417000,000000 1
399,564933 199,947841 417500,000000 1
400,073702 400,472055 418000,000000 1
396,149185 188,732038 418500,000000 1
397,329348 401,002482 419000,000000 1
413,000289 213,314754 419500,000000 1
397,124090 399,739399 420000,000000 1
406,114027 202,443349 420500,000000 1
395,830133 404,932957 421000,000000 1
404,544504 209,322469 421500,000000 1
400,323163 400,324061 422000,000000 1
399,985421 199,834048 422500,000000 1
409,593831 401,036941 423000,000000 1
381,657792 208,824842 423500,000000 1
400,053439 399,937717 424000,000000 1
402,268141 200,382126 424500,000000 1
395,752464 390,767036 425000,000000 1
386,710811 216,258108 425500,000000 1
403,914028 412,649378 426000,000000 1
393,193027 201,947752 426500,000000 1
398,731904 397,866590 427000,000000 1
396,203546 205,113442 427500,000000 1
415,549523 411,185654 428000,000000 1
395,968407 200,869060 428500,000000 1
400,266397 394,319326 429000,000000 1
392,391559 193,543089 429500,000000 1
388,625312 370,812849 430000,000000 1
405,813804 195,493279 430500,000000 1
401,538711 398,811082 431000,000000 1
399,662851 199,407215 431500,000000 1
390,328728 381,929502 432000,000000 1
396,184882 203,027010 432500,000000 1
396,070732 408,364272 433000,000000 1
391,855046 209,218844 433500,000000 1
399,289262 398,966254 434000,000000 1
391,655245 194,682089 434500,000000 1
395,776149 401,431627 435000,000000 1
404,768862 197,574331 435500,000000 1
398,556502 395,291106 436000,000000 1
400,369942 199,172335 436500,000000 1
401,078729 397,876489 437000,000000 1
391,853400 196,527554 437500,000000 1
398,749457 401,730713 438000,000000 1
400,355671 194,533105 438500,000000 1
399,189546 401,092560 439000,000000 1
402,348982 206,323295 439500,000000 1
398,968750 401,850534 440000,000000 1
398,996723 187,949304 440500,000000 1
407,003754 403,091773 441000,000000 1
402,920801 206,657582 441500,000000 1
404,924873 403,012508 442000,000000 1
393,986062 198,443107 442500,000000 1
400,378035 381,222581 443000,000000 1
400,097459 206,179599 443500,000000 1
394,615031 393,910485 444000,000000 1
403,189658 202,985623 444500,000000 1
390,981394 397,254391 445000,000000 1
388,747209 231,115817 445500,000000 1
400,806686 401,223502 446000,000000 1
402,878060 200,035279 446500,000000 1
386,085233 397,400166 447000,000000 1
399,200335 201,461842 447500,000000 1
399,309307 395,325574 448000,000000 1
386,106094 206,378124 448500,000000 1
395,796522 387,156526 449000,000000 1
412,202923 185,478287 449500,000000 1
398,820059 388,112661 450000,000000 1
399,835899 200,721762 450500,000000 1
404,948009 396,306316 451000,000000 1
401,003444 204,756239 451500,000000 1
411,287624 408,179900 452000,000000 1
401,239761 199,981890 452500,000000 1
416,582048 395,716731 453000,000000 1
376,630806 209,702563 453500,000000 1
406,415041 405,888166 454000,000000 1
397,077005 195,525880 454500,000000 1
399,773174 398,300938 455000,000000 1
396,435555 203,432584 455500,000000 1
411,166275 408,547760 456000,000000 1
410,853475 192,773674 456500,000000 1
397,131033 407,707910 457000,000000 1
412,572742 206,424502 457500,000000 1
406,039067 388,141220 458000,000000 1
405,328843 197,026770 458500,000000 1
384,326094 390,220506 459000,000000 1
403,478904 209,385707 459500,000000 1
397,442629 405,343846 460000,000000 1
410,798456 200,176977 460500,000000 1
396,713683 406,324805 461000,000000 1
388,430915 200,641002 461500,000000 1
394,634684 408,875130 462000,000000 1
394,062917 211,621396 462500,000000 1
399,683110 395,053288 463000,000000 1
400,094565 200,097825 463500,000000 1
397,974016 408,431707 464000,000000 1
397,952699 191,190425 464500,000000 1
401,559646 397,589571 465000,000000 1
403,188386 210,430945 465500,000000 1
400,086788 399,964441 466000,000000 1
400,014002 200,093624 466500,000000 1
400,360588 400,741230 467000,000000 1
400,106736 199,812223 467500,000000 1
415,985519 392,838253 468000,000000 1
398,349735 199,389861 468500,000000 1
401,185161 402,222014 469000,000000 1
400,671887 199,913877 469500,000000 1
395,319885 414,974236 470000,000000 1
394,079424 199,753367 470500,000000 1
400,339614 399,913896 471000,000000 1
398,951212 200,416785 471500,000000 1
392,978434 395,793312 472000,000000 1
430,715455 200,552197 472500,000000 1
401,167101 398,878196 473000,000000 1
408,263511 198,644268 473500,000000 1
403,367734 402,619359 474000,000000 1
399,071698 204,055871 474500,000000 1
408,645352 393,950613 475000,000000 1
400,692893 201,828943 475500,000000 1
404,970161 397,650631 476000,000000 1
400,729772 198,237556 476500,000000 1
403,374775 394,048706 477000,000000 1
404,455757 202,312884 477500,000000 1
409,818688 402,418139 478000,000000 1
406,587457 212,997856 478500,000000 1
400,624071 390,765224 479000,000000 1
401,546601 217,186749 479500,000000 1
396,935477 404,506801 480000,000000 1
395,252099 201,312583 480500,000000 1
387,555973 406,153083 481000,000000 1
402,683057 201,542109 481500,000000 1
399,278159 396,082261 482000,000000 1
398,625034 208,224869 482500,000000 1
403,772691 398,524081 483000,000000 1
394,232968 207,328182 483500,000000 1
407,493601 401,176138 484000,000000 1
395,352761 205,420798 484500,000000 1
401,412782 396,140791 485000,000000 1
399,744444 198,091827 485500,000000 1
382,716528 403,506672 486000,000000 1
417,497982 187,234038 486500,000000 1
417,689351 412,908732 487000,000000 1
399,931571 200,015700 487500,000000 1
392,975943 402,098344 488000,000000 1
408,515809 187,049713 488500,000000 1
400,165491 400,634959 489000,000000 1
408,527546 199,198430 489500,000000 1
389,229093 387,985412 490000,000000 1
404,941314 188,644281 490500,000000 1
393,395837 411,392820 491000,000000 1
401,891250 206,582505 491500,000000 1
398,068225 403,263618 492000,000000 1
406,956431 194,021419 492500,000000 1
396,169615 400,444429 493000,000000 1
402,871353 203,528721 493500,000000 1
401,490938 403,579332 494000,000000 1
399,754672 197,302898 494500,000000 1
393,661449 396,255246 495000,000000 1
391,380263 195,955401 495500,000000 1
400,785441 397,391082 496000,000000 1
406,199034 195,271168 496500,000000 1
396,999062 404,243210 497000,000000 1
401,580108 200,096251 497500,000000 1
394,725589 398,980252 498000,000000 1
393,475863 214,911673 498500,000000 1
397,365332 402,668168 499000,000000 1
406,563303 188,920458 499500,000000 1
